100
1 1 1 1 1 1 1 1 1 1 1 1 0 0 0 0 0 0 0 0 0 0 0 0 0 0 0 0 0 0 0 0 0 0 0 0 0 0 0 0 0 0 0 0 0 0 0 0 0 0 0 0 0 0 0 0 0 0 0 0 0 0 0 0 0 0 0 0 0 0 0 0 0 0 0 0 0 0 0 0 0 0 0 0 0 0 0 0 0 0 0 0 0 0 0 0 0 0 0 0
2 2 2 2 2 2 2 2 2 2 2 2 2 2 2 2 2 2 2 2 1 2 0 0 0 0 0 0 0 0 0 0 0 0 0 0 0 0 0 0 0 0 0 0 0 0 0 0 0 0 0 0 0 0 0 0 0 0 0 0 0 0 0 0 0 0 0 0 0 0 0 0 0 0 0 0 0 0 0 0 0 0 0 0 0 0 0 0 0 0 0 0 0 0 0 0 0 0 0 0
3 2 2 2 2 2 2 2 2 2 2 2 2 2 2 2 2 2 2 2 2 2 2 2 2 2 2 2 2 2 2 2 3 1 0 0 0 0 0 0 0 0 0 0 0 0 0 0 0 0 0 0 0 0 0 0 0 0 0 0 0 0 0 0 0 0 0 0 0 0 0 0 0 0 0 0 0 0 0 0 0 0 0 0 0 0 0 0 0 0 0 0 0 0 0 0 0 0 0 0
4 3 3 3 3 3 3 3 2 2 2 2 2 2 2 2 2 2 2 2 2 2 2 2 2 2 2 2 2 2 2 2 2 2 2 2 2 3 2 0 0 0 0 0 0 0 0 0 0 0 0 0 0 0 0 0 0 0 0 0 0 0 0 0 0 0 0 0 0 0 0 0 0 0 0 0 0 0 0 0 0 0 0 0 0 0 0 0 0 0 0 0 0 0 0 0 0 0 0 0
5 4 4 3 3 3 3 3 3 3 3 3 3 3 3 2 2 2 2 2 2 2 2 2 2 2 2 2 2 2 2 2 2 2 2 2 2 2 2 2 2 3 0 0 0 0 0 0 0 0 0 0 0 0 0 0 0 0 0 0 0 0 0 0 0 0 0 0 0 0 0 0 0 0 0 0 0 0 0 0 0 0 0 0 0 0 0 0 0 0 0 0 0 0 0 0 0 0 0 0
6 5 4 4 4 4 3 3 3 3 3 3 3 3 3 3 3 3 3 3 3 3 3 3 2 2 2 2 2 2 2 2 2 2 2 2 2 2 2 2 2 2 2 2 2 3 0 0 0 0 0 0 0 0 0 0 0 0 0 0 0 0 0 0 0 0 0 0 0 0 0 0 0 0 0 0 0 0 0 0 0 0 0 0 0 0 0 0 0 0 0 0 0 0 0 0 0 0 0 0
6 6 5 5 4 4 4 4 4 3 3 3 3 3 3 3 3 3 3 3 3 3 3 3 3 3 3 3 3 3 3 3 3 2 2 2 2 2 2 2 2 2 2 2 2 2 2 2 3 0 0 0 0 0 0 0 0 0 0 0 0 0 0 0 0 0 0 0 0 0 0 0 0 0 0 0 0 0 0 0 0 0 0 0 0 0 0 0 0 0 0 0 0 0 0 0 0 0 0 0
7 7 6 5 5 5 4 4 4 4 4 4 3 3 3 3 3 3 3 3 3 3 3 3 3 3 3 3 3 3 3 3 3 3 3 3 3 3 3 3 2 3 2 2 2 3 2 2 2 2 2 3 0 0 0 0 0 0 0 0 0 0 0 0 0 0 0 0 0 0 0 0 0 0 0 0 0 0 0 0 0 0 0 0 0 0 0 0 0 0 0 0 0 0 0 0 0 0 0 0
8 8 7 6 6 5 5 5 4 4 4 4 4 4 4 3 3 3 3 3 3 3 3 3 3 3 3 3 3 3 3 3 3 3 3 3 3 3 3 3 3 3 3 3 3 3 3 2 3 2 2 3 2 2 3 0 0 0 0 0 0 0 0 0 0 0 0 0 0 0 0 0 0 0 0 0 0 0 0 0 0 0 0 0 0 0 0 0 0 0 0 0 0 0 0 0 0 0 0 0
9 9 8 7 7 6 6 5 5 5 5 4 4 4 4 4 4 4 3 3 3 3 3 3 3 3 3 3 3 3 3 3 3 3 3 3 3 3 3 3 3 3 3 3 3 3 3 3 3 3 2 3 2 2 3 2 2 3 0 0 0 0 0 0 0 0 0 0 0 0 0 0 0 0 0 0 0 0 0 0 0 0 0 0 0 0 0 0 0 0 0 0 0 0 0 0 0 0 0 0
10 9 9 8 7 7 6 6 6 5 5 5 5 4 4 4 4 4 4 4 4 3 3 3 3 3 3 3 3 3 3 3 3 3 3 3 3 3 3 3 3 3 3 3 3 3 3 3 3 3 3 3 2 3 3 2 2 3 2 3 2 0 0 0 0 0 0 0 0 0 0 0 0 0 0 0 0 0 0 0 0 0 0 0 0 0 0 0 0 0 0 0 0 0 0 0 0 0 0 0
11 10 10 9 8 8 7 7 6 6 6 5 5 5 5 4 4 4 4 4 4 4 4 4 3 3 3 3 3 3 3 3 3 3 3 3 3 3 3 3 3 3 3 3 3 3 3 3 3 3 3 3 3 3 3 2 3 3 2 3 3 2 3 0 0 0 0 0 0 0 0 0 0 0 0 0 0 0 0 0 0 0 0 0 0 0 0 0 0 0 0 0 0 0 0 0 0 0 0 0
12 11 11 10 9 9 8 7 7 6 6 6 5 5 5 5 5 4 4 4 4 4 4 4 4 4 4 4 3 3 3 3 3 3 3 3 3 3 3 3 3 3 3 3 3 3 3 3 3 3 3 3 3 3 3 3 3 3 3 3 3 2 3 2 3 3 0 0 0 0 0 0 0 0 0 0 0 0 0 0 0 0 0 0 0 0 0 0 0 0 0 0 0 0 0 0 0 0 0 0
13 12 12 11 10 9 9 8 8 7 7 6 6 6 5 5 5 5 5 5 4 4 4 4 4 4 4 4 4 4 4 3 3 3 3 3 3 3 3 3 3 3 3 3 3 3 3 3 3 3 3 3 3 3 3 3 3 3 3 3 3 3 3 2 3 3 2 3 0 0 0 0 0 0 0 0 0 0 0 0 0 0 0 0 0 0 0 0 0 0 0 0 0 0 0 0 0 0 0 0
14 13 13 12 11 10 10 9 8 8 7 7 7 6 6 6 5 5 5 5 5 5 4 4 4 4 4 4 4 4 4 4 4 4 4 3 3 3 3 3 3 3 3 3 3 3 3 3 3 3 3 3 3 3 3 3 3 3 3 3 3 3 3 3 3 3 2 3 2 3 2 0 0 0 0 0 0 0 0 0 0 0 0 0 0 0 0 0 0 0 0 0 0 0 0 0 0 0 0 0
15 14 14 13 12 11 11 10 9 9 8 8 7 7 6 6 6 6 5 5 5 5 5 5 4 4 4 4 4 4 4 4 4 4 4 4 4 4 3 3 3 3 3 3 3 3 3 3 3 3 3 3 3 3 3 3 3 3 3 3 3 3 3 3 3 3 3 3 2 3 3 2 3 0 0 0 0 0 0 0 0 0 0 0 0 0 0 0 0 0 0 0 0 0 0 0 0 0 0 0
16 15 15 14 13 12 11 11 10 9 9 8 8 7 7 7 6 6 6 6 5 5 5 5 5 5 5 4 4 4 4 4 4 4 4 4 4 4 4 4 4 3 3 3 3 3 3 3 3 3 3 3 3 3 3 3 3 3 3 3 3 3 3 3 3 3 3 3 2 3 3 3 3 2 3 0 0 0 0 0 0 0 0 0 0 0 0 0 0 0 0 0 0 0 0 0 0 0 0 0
17 16 16 15 14 13 12 12 11 10 10 9 9 8 8 7 7 7 6 6 6 6 5 5 5 5 5 5 5 4 4 4 4 4 4 4 4 4 4 4 4 4 4 4 3 3 3 3 3 3 3 3 3 3 3 3 3 3 3 3 3 3 3 3 3 3 3 3 3 3 3 3 3 2 2 2 3 2 0 0 0 0 0 0 0 0 0 0 0 0 0 0 0 0 0 0 0 0 0 0
18 17 17 16 15 14 13 13 12 11 10 10 9 9 8 8 7 7 7 6 6 6 6 6 5 5 5 5 5 5 5 4 4 4 4 4 4 4 4 4 4 4 4 4 4 4 4 3 3 3 3 3 3 3 3 3 3 3 3 3 3 3 3 3 3 3 3 3 3 3 3 3 3 3 3 2 3 3 2 3 0 0 0 0 0 0 0 0 0 0 0 0 0 0 0 0 0 0 0 0
19 18 18 17 16 15 14 14 13 12 11 11 10 10 9 9 8 8 7 7 7 6 6 6 6 6 5 5 5 5 5 5 5 5 4 4 4 4 4 4 4 4 4 4 4 4 4 4 4 4 3 3 3 3 3 3 3 3 3 3 3 3 3 3 3 3 3 3 3 3 3 3 3 3 3 3 3 3 3 3 2 3 0 0 0 0 0 0 0 0 0 0 0 0 0 0 0 0 0 0
20 19 19 18 17 16 15 14 14 13 12 12 11 10 10 9 9 8 8 8 7 7 7 6 6 6 6 6 5 5 5 5 5 5 5 5 4 4 4 4 4 4 4 4 4 4 4 4 4 4 4 4 4 4 3 3 3 3 3 3 3 3 3 3 3 3 3 3 3 3 3 3 3 3 3 3 3 3 3 3 3 3 2 3 2 0 0 0 0 0 0 0 0 0 0 0 0 0 0 0
21 20 20 19 18 17 16 15 15 14 13 12 12 11 10 10 9 9 8 8 8 7 7 7 7 6 6 6 6 6 5 5 5 5 5 5 5 5 4 4 4 4 4 4 4 4 4 4 4 4 4 4 4 4 4 4 4 3 3 3 3 3 3 3 3 3 3 3 3 3 3 3 3 3 3 3 3 3 3 3 3 3 3 3 3 3 2 0 0 0 0 0 0 0 0 0 0 0 0 0
22 21 21 20 19 18 17 16 16 15 14 13 13 12 11 11 10 10 9 9 8 8 8 7 7 7 7 6 6 6 6 6 5 5 5 5 5 5 5 5 5 4 4 4 4 4 4 4 4 4 4 4 4 4 4 4 4 4 4 4 4 3 3 3 3 3 3 3 3 3 3 3 3 3 3 3 3 3 3 3 3 3 3 3 3 2 3 2 2 0 0 0 0 0 0 0 0 0 0 0
23 22 22 21 20 19 18 17 17 16 15 14 13 13 12 11 11 10 10 9 9 9 8 8 7 7 7 7 6 6 6 6 6 6 5 5 5 5 5 5 5 5 5 4 4 4 4 4 4 4 4 4 4 4 4 4 4 4 4 4 4 4 4 4 3 3 3 3 3 3 3 3 3 3 3 3 3 3 3 3 3 3 3 3 3 3 3 2 3 2 3 0 0 0 0 0 0 0 0 0
24 23 23 22 21 20 19 18 18 17 16 15 14 14 13 12 12 11 11 10 10 9 9 8 8 8 7 7 7 7 6 6 6 6 6 6 5 5 5 5 5 5 5 5 5 4 4 4 4 4 4 4 4 4 4 4 4 4 4 4 4 4 4 4 4 4 4 3 3 3 3 3 3 3 3 3 3 3 3 3 3 3 3 3 3 3 3 3 3 2 3 2 2 0 0 0 0 0 0 0
25 24 24 23 22 21 20 19 19 18 17 16 15 15 14 13 12 12 11 11 10 10 9 9 9 8 8 8 7 7 7 7 6 6 6 6 6 6 5 5 5 5 5 5 5 5 5 5 4 4 4 4 4 4 4 4 4 4 4 4 4 4 4 4 4 4 4 4 4 4 3 3 3 3 3 3 3 3 3 3 3 3 3 3 3 3 3 3 3 3 3 3 3 2 3 0 0 0 0 0
26 25 25 24 23 22 21 20 20 19 18 17 16 16 15 14 13 13 12 11 11 10 10 9 9 9 8 8 8 7 7 7 7 6 6 6 6 6 6 6 5 5 5 5 5 5 5 5 5 5 4 4 4 4 4 4 4 4 4 4 4 4 4 4 4 4 4 4 4 4 4 4 4 3 3 3 3 3 3 3 3 3 3 3 3 3 3 3 3 3 3 3 3 3 3 2 3 0 0 0
27 26 26 25 24 23 22 21 21 20 19 18 17 16 16 15 14 14 13 12 12 11 11 10 10 9 9 9 8 8 8 7 7 7 7 6 6 6 6 6 6 6 5 5 5 5 5 5 5 5 5 5 4 4 4 4 4 4 4 4 4 4 4 4 4 4 4 4 4 4 4 4 4 4 4 4 3 3 3 3 3 3 3 3 3 3 3 3 3 3 3 3 3 3 3 3 3 2 3 0
28 27 27 26 25 24 23 22 22 21 20 19 18 17 17 16 15 14 14 13 12 12 11 11 10 10 9 9 9 8 8 8 8 7 7 7 7 6 6 6 6 6 6 6 5 5 5 5 5 5 5 5 5 5 5 4 4 4 4 4 4 4 4 4 4 4 4 4 4 4 4 4 4 4 4 4 4 4 4 3 3 3 3 3 3 3 3 3 3 3 3 3 3 3 3 3 3 3 3 2
29 28 28 27 26 25 24 23 23 22 21 20 19 18 18 17 16 15 15 14 13 13 12 12 11 11 10 10 9 9 9 8 8 8 7 7 7 7 7 6 6 6 6 6 6 6 5 5 5 5 5 5 5 5 5 5 5 4 4 4 4 4 4 4 4 4 4 4 4 4 4 4 4 4 4 4 4 4 4 4 4 4 4 4 3 3 3 3 3 3 3 3 3 3 3 3 3 3 3 3
30 29 29 28 27 26 25 24 24 23 22 21 20 19 19 18 17 16 15 15 14 13 13 12 12 11 11 10 10 9 9 9 8 8 8 8 7 7 7 7 7 6 6 6 6 6 6 6 5 5 5 5 5 5 5 5 5 5 5 4 4 4 4 4 4 4 4 4 4 4 4 4 4 4 4 4 4 4 4 4 4 4 4 4 4 3 4 3 3 3 3 3 3 3 3 3 3 3 3 3
31 30 30 29 28 27 26 25 25 24 23 22 21 20 20 19 18 17 16 16 15 14 14 13 12 12 11 11 10 10 10 9 9 9 8 8 8 7 7 7 7 7 6 6 6 6 6 6 6 6 5 5 5 5 5 5 5 5 5 5 5 5 4 4 4 4 4 4 4 4 4 4 4 4 4 4 4 4 4 4 4 4 4 4 4 4 4 4 4 3 3 3 3 3 3 3 3 3 3 3
32 31 31 30 29 28 27 26 26 25 24 23 22 21 20 20 19 18 17 17 16 15 14 14 13 13 12 12 11 11 10 10 9 9 9 8 8 8 8 7 7 7 7 7 6 6 6 6 6 6 6 5 5 5 5 5 5 5 5 5 5 5 5 5 4 4 4 4 4 4 4 4 4 4 4 4 4 4 4 4 4 4 4 4 4 4 4 4 4 4 4 4 4 3 3 3 3 3 3 3
33 32 32 31 30 29 28 27 27 26 25 24 23 22 21 21 20 19 18 17 17 16 15 15 14 13 13 12 12 11 11 10 10 10 9 9 9 8 8 8 8 7 7 7 7 7 6 6 6 6 6 6 6 6 5 5 5 5 5 5 5 5 5 5 5 5 4 4 4 4 4 4 4 4 4 4 4 4 4 4 4 4 4 4 4 4 4 4 4 4 4 4 4 4 3 4 3 3 3 3
34 33 33 32 31 30 29 28 28 27 26 25 24 23 22 22 21 20 19 18 18 17 16 15 15 14 14 13 12 12 11 11 11 10 10 9 9 9 8 8 8 8 7 7 7 7 7 7 6 6 6 6 6 6 6 5 5 5 5 5 5 5 5 5 5 5 5 5 5 4 4 4 4 4 4 4 4 4 4 4 4 4 4 4 4 4 4 4 4 4 4 4 4 4 4 4 4 4 3 3
35 34 34 33 32 31 30 29 29 28 27 26 25 24 23 23 22 21 20 19 19 18 17 16 16 15 14 14 13 13 12 12 11 11 10 10 10 9 9 9 8 8 8 8 7 7 7 7 7 7 6 6 6 6 6 6 6 6 5 5 5 5 5 5 5 5 5 5 5 5 5 5 4 4 4 4 4 4 4 4 4 4 4 4 4 4 4 4 4 4 4 4 4 4 4 4 4 4 4 4
36 35 35 34 33 32 31 30 30 29 28 27 26 25 24 24 23 22 21 20 20 19 18 17 17 16 15 15 14 13 13 12 12 11 11 10 10 10 9 9 9 8 8 8 8 8 7 7 7 7 7 6 6 6 6 6 6 6 6 5 5 5 5 5 5 5 5 5 5 5 5 5 5 5 4 4 4 4 4 4 4 4 4 4 4 4 4 4 4 4 4 4 4 4 4 4 4 4 4 4
37 36 36 35 34 33 32 31 31 30 29 28 27 26 25 25 24 23 22 21 20 20 19 18 17 17 16 15 15 14 14 13 12 12 12 11 11 10 10 10 9 9 9 8 8 8 8 7 7 7 7 7 7 6 6 6 6 6 6 6 6 6 5 5 5 5 5 5 5 5 5 5 5 5 5 5 4 4 4 4 4 4 4 4 4 4 4 4 4 4 4 4 4 4 4 4 4 4 4 4
38 37 37 36 35 34 33 32 32 31 30 29 28 27 26 26 25 24 23 22 21 21 20 19 18 18 17 16 16 15 14 14 13 13 12 12 11 11 10 10 10 9 9 9 9 8 8 8 8 7 7 7 7 7 7 6 6 6 6 6 6 6 6 5 5 5 5 5 5 5 5 5 5 5 5 5 5 5 5 4 4 4 4 4 4 4 4 4 4 4 4 4 4 4 4 4 4 4 4 4
39 38 38 37 36 35 34 33 33 32 31 30 29 28 27 27 26 25 24 23 22 22 21 20 19 18 18 17 16 16 15 14 14 13 13 12 12 11 11 11 10 10 10 9 9 9 8 8 8 8 8 7 7 7 7 7 7 6 6 6 6 6 6 6 6 6 5 5 5 5 5 5 5 5 5 5 5 5 5 5 5 4 4 4 4 4 4 4 4 4 4 4 4 4 4 4 4 4 4 4
40 39 39 38 37 36 35 34 34 33 32 31 30 29 28 28 27 26 25 24 23 23 22 21 20 19 19 18 17 17 16 15 15 14 14 13 13 12 12 11 11 10 10 10 9 9 9 9 8 8 8 8 7 7 7 7 7 7 7 6 6 6 6 6 6 6 6 5 5 5 5 5 5 5 5 5 5 5 5 5 5 5 5 4 4 4 4 4 4 4 4 4 4 4 4 4 4 4 4 4
41 40 40 39 38 37 36 35 35 34 33 32 31 30 29 29 28 27 26 25 24 24 23 22 21 20 20 19 18 17 17 16 15 15 14 14 13 13 12 12 11 11 11 10 10 10 9 9 9 8 8 8 8 8 7 7 7 7 7 7 6 6 6 6 6 6 6 6 6 6 5 5 5 5 5 5 5 5 5 5 5 5 5 5 5 5 4 4 4 4 4 4 4 4 4 4 4 4 4 4
42 41 41 40 39 38 37 36 36 35 34 33 32 31 30 30 29 28 27 26 25 25 24 23 22 21 20 20 19 18 18 17 16 16 15 14 14 13 13 12 12 11 11 11 10 10 10 9 9 9 9 8 8 8 8 8 7 7 7 7 7 7 6 6 6 6 6 6 6 6 6 5 5 5 5 5 5 5 5 5 5 5 5 5 5 5 5 5 4 4 4 4 4 4 4 4 4 4 4 4
43 42 42 41 40 39 38 37 37 36 35 34 33 32 31 31 30 29 28 27 26 25 25 24 23 22 21 21 20 19 18 18 17 16 16 15 15 14 14 13 13 12 12 11 11 11 10 10 10 9 9 9 8 8 8 8 8 7 7 7 7 7 7 7 6 6 6 6 6 6 6 6 6 6 5 5 5 5 5 5 5 5 5 5 5 5 5 5 5 5 4 4 4 4 4 4 4 4 4 4
44 43 43 42 41 40 39 38 38 37 36 35 34 33 32 32 31 30 29 28 27 26 26 25 24 23 22 22 21 20 19 19 18 17 17 16 15 15 14 14 13 13 12 12 11 11 11 10 10 10 9 9 9 9 8 8 8 8 8 7 7 7 7 7 7 7 6 6 6 6 6 6 6 6 6 6 5 5 5 5 5 5 5 5 5 5 5 5 5 5 5 5 5 4 4 4 4 4 4 4
45 44 44 43 42 41 40 39 39 38 37 36 35 34 33 33 32 31 30 29 28 27 27 26 25 24 23 23 22 21 20 19 19 18 17 17 16 16 15 14 14 13 13 12 12 12 11 11 10 10 10 10 9 9 9 9 8 8 8 8 8 7 7 7 7 7 7 7 6 6 6 6 6 6 6 6 6 6 5 5 5 5 5 5 5 5 5 5 5 5 5 5 5 5 5 5 4 4 4 4
46 45 45 44 43 42 41 40 40 39 38 37 36 35 34 34 33 32 31 30 29 28 28 27 26 25 24 23 23 22 21 20 20 19 18 18 17 16 16 15 15 14 14 13 13 12 12 11 11 11 10 10 10 9 9 9 9 8 8 8 8 8 7 7 7 7 7 7 7 6 6 6 6 6 6 6 6 6 6 6 5 5 5 5 5 5 5 5 5 5 5 5 5 5 5 5 5 4 4 4
47 46 46 45 44 43 42 41 41 40 39 38 37 36 35 35 34 33 32 31 30 29 29 28 27 26 25 24 24 23 22 21 21 20 19 18 18 17 16 16 15 15 14 14 13 13 12 12 11 11 11 10 10 10 10 9 9 9 9 8 8 8 8 8 7 7 7 7 7 7 7 6 6 6 6 6 6 6 6 6 6 6 5 5 5 5 5 5 5 5 5 5 5 5 5 5 5 5 5 5
48 47 47 46 45 44 43 42 42 41 40 39 38 37 36 36 35 34 33 32 31 30 30 29 28 27 26 25 25 24 23 22 21 21 20 19 19 18 17 17 16 15 15 14 14 13 13 12 12 12 11 11 11 10 10 10 9 9 9 9 8 8 8 8 8 8 7 7 7 7 7 7 7 6 6 6 6 6 6 6 6 6 6 6 5 5 5 5 5 5 5 5 5 5 5 5 5 5 5 5
49 48 48 47 46 45 44 43 43 42 41 40 39 38 37 37 36 35 34 33 32 31 31 30 29 28 27 26 26 25 24 23 22 22 21 20 19 19 18 17 17 16 16 15 15 14 14 13 13 12 12 11 11 11 10 10 10 10 9 9 9 9 8 8 8 8 8 7 7 7 7 7 7 7 7 6 6 6 6 6 6 6 6 6 6 6 5 5 5 5 5 5 5 5 5 5 5 5 5 5
50 49 49 48 47 46 45 44 44 43 42 41 40 39 38 38 37 36 35 34 33 32 32 31 30 29 28 27 27 26 25 24 23 23 22 21 20 20 19 18 18 17 16 16 15 15 14 14 13 13 12 12 12 11 11 11 10 10 10 9 9 9 9 8 8 8 8 8 8 7 7 7 7 7 7 7 7 6 6 6 6 6 6 6 6 6 6 6 5 5 5 5 5 5 5 5 5 5 5 5
51 50 50 49 48 47 46 45 45 44 43 42 41 40 39 39 38 37 36 35 34 33 33 32 31 30 29 28 28 27 26 25 24 23 23 22 21 20 20 19 18 18 17 17 16 15 15 14 14 13 13 13 12 12 11 11 11 10 10 10 10 9 9 9 9 8 8 8 8 8 8 7 7 7 7 7 7 7 6 6 6 6 6 6 6 6 6 6 6 6 5 5 5 5 5 5 5 5 5 5
52 51 51 50 49 48 47 46 46 45 44 43 42 41 40 40 39 38 37 36 35 34 34 33 32 31 30 29 29 28 27 26 25 24 24 23 22 21 21 20 19 19 18 17 17 16 16 15 15 14 14 13 13 12 12 12 11 11 11 10 10 10 9 9 9 9 9 8 8 8 8 8 7 7 7 7 7 7 7 7 6 6 6 6 6 6 6 6 6 6 6 6 5 5 5 5 5 5 5 5
53 52 52 51 50 49 48 47 47 46 45 44 43 42 41 41 40 39 38 37 36 35 35 34 33 32 31 30 30 29 28 27 26 25 25 24 23 22 22 21 20 19 19 18 17 17 16 16 15 15 14 14 13 13 12 12 12 11 11 11 10 10 10 10 9 9 9 9 8 8 8 8 8 8 7 7 7 7 7 7 7 7 6 6 6 6 6 6 6 6 6 6 6 6 5 5 5 5 5 5
54 53 53 52 51 50 49 48 48 47 46 45 44 43 42 42 41 40 39 38 37 36 36 35 34 33 32 31 31 30 29 28 27 26 26 25 24 23 22 22 21 20 20 19 18 18 17 16 16 15 15 14 14 13 13 13 12 12 11 11 11 11 10 10 10 9 9 9 9 9 8 8 8 8 8 8 7 7 7 7 7 7 7 7 6 6 6 6 6 6 6 6 6 6 6 6 5 5 5 5
55 54 54 53 52 51 50 49 49 48 47 46 45 44 43 43 42 41 40 39 38 37 37 36 35 34 33 32 31 31 30 29 28 27 27 26 25 24 23 23 22 21 20 20 19 18 18 17 17 16 15 15 14 14 14 13 13 12 12 12 11 11 11 10 10 10 10 9 9 9 9 9 8 8 8 8 8 7 7 7 7 7 7 7 7 7 6 6 6 6 6 6 6 6 6 6 6 6 5 5
56 55 55 54 53 52 51 50 50 49 48 47 46 45 44 44 43 42 41 40 39 38 38 37 36 35 34 33 32 32 31 30 29 28 27 27 26 25 24 24 23 22 21 21 20 19 19 18 17 17 16 16 15 15 14 14 13 13 13 12 12 11 11 11 11 10 10 10 9 9 9 9 9 8 8 8 8 8 8 7 7 7 7 7 7 7 7 6 6 6 6 6 6 6 6 6 6 6 6 6
57 56 56 55 54 53 52 51 51 50 49 48 47 46 45 45 44 43 42 41 40 39 39 38 37 36 35 34 33 33 32 31 30 29 28 28 27 26 25 24 24 23 22 21 21 20 19 19 18 18 17 16 16 15 15 14 14 13 13 13 12 12 12 11 11 11 10 10 10 10 9 9 9 9 9 8 8 8 8 8 8 7 7 7 7 7 7 7 7 6 6 6 6 6 6 6 6 6 6 6
58 57 57 56 55 54 53 52 52 51 50 49 48 47 46 46 45 44 43 42 41 40 40 39 38 37 36 35 34 34 33 32 31 30 29 29 28 27 26 25 25 24 23 22 22 21 20 20 19 18 18 17 17 16 15 15 15 14 14 13 13 12 12 12 11 11 11 10 10 10 10 9 9 9 9 9 8 8 8 8 8 8 8 7 7 7 7 7 7 7 7 6 6 6 6 6 6 6 6 6
59 58 58 57 56 55 54 53 53 52 51 50 49 48 47 47 46 45 44 43 42 41 41 40 39 38 37 36 35 35 34 33 32 31 30 30 29 28 27 26 26 25 24 23 22 22 21 20 20 19 18 18 17 17 16 16 15 15 14 14 13 13 13 12 12 12 11 11 11 10 10 10 10 9 9 9 9 9 8 8 8 8 8 8 7 7 7 7 7 7 7 7 7 6 6 6 6 6 6 6
60 59 59 58 57 56 55 54 54 53 52 51 50 49 48 48 47 46 45 44 43 42 42 41 40 39 38 37 36 36 35 34 33 32 31 31 30 29 28 27 26 26 25 24 23 23 22 21 21 20 19 19 18 17 17 16 16 15 15 14 14 13 13 13 12 12 12 11 11 11 10 10 10 10 9 9 9 9 9 8 8 8 8 8 8 8 7 7 7 7 7 7 7 7 7 6 6 6 6 6
61 60 60 59 58 57 56 55 55 54 53 52 51 50 49 49 48 47 46 45 44 43 43 42 41 40 39 38 37 37 36 35 34 33 32 32 31 30 29 28 27 27 26 25 24 24 23 22 21 21 20 19 19 18 18 17 16 16 15 15 14 14 14 13 13 12 12 12 11 11 11 11 10 10 10 10 9 9 9 9 9 8 8 8 8 8 8 8 7 7 7 7 7 7 7 7 6 6 6 6
62 61 61 60 59 58 57 56 56 55 54 53 52 51 50 50 49 48 47 46 45 44 44 43 42 41 40 39 38 38 37 36 35 34 33 33 32 31 30 29 28 28 27 26 25 24 24 23 22 22 21 20 20 19 18 18 17 17 16 16 15 15 14 14 13 13 13 12 12 12 11 11 11 10 10 10 10 9 9 9 9 9 9 8 8 8 8 8 8 7 7 7 7 7 7 7 7 7 6 6
63 62 62 61 60 59 58 57 57 56 55 54 53 52 51 51 50 49 48 47 46 45 45 44 43 42 41 40 39 39 38 37 36 35 34 34 33 32 31 30 29 29 28 27 26 25 25 24 23 22 22 21 20 20 19 18 18 17 17 16 16 15 15 14 14 14 13 13 12 12 12 11 11 11 11 10 10 10 10 9 9 9 9 9 8 8 8 8 8 8 8 7 7 7 7 7 7 7 7 7
64 63 63 62 61 60 59 58 58 57 56 55 54 53 52 52 51 50 49 48 47 46 46 45 44 43 42 41 40 40 39 38 37 36 35 35 34 33 32 31 30 30 29 28 27 26 26 25 24 23 23 22 21 21 20 19 19 18 17 17 16 16 15 15 15 14 14 13 13 13 12 12 12 11 11 11 10 10 10 10 10 9 9 9 9 9 8 8 8 8 8 8 8 7 7 7 7 7 7 7
65 64 64 63 62 61 60 59 59 58 57 56 55 54 53 53 52 51 50 49 48 47 47 46 45 44 43 42 41 41 40 39 38 37 36 36 35 34 33 32 31 30 30 29 28 27 26 26 25 24 23 23 22 21 21 20 19 19 18 18 17 17 16 16 15 15 14 14 13 13 13 12 12 12 11 11 11 11 10 10 10 10 9 9 9 9 9 8 8 8 8 8 8 8 7 7 7 7 7 7
66 65 65 64 63 62 61 60 60 59 58 57 56 55 54 54 53 52 51 50 49 48 48 47 46 45 44 43 42 42 41 40 39 38 37 37 36 35 34 33 32 31 31 30 29 28 27 27 26 25 24 24 23 22 22 21 20 20 19 18 18 17 17 16 16 15 15 14 14 14 13 13 12 12 12 12 11 11 11 10 10 10 10 10 9 9 9 9 9 8 8 8 8 8 8 8 7 7 7 7
67 66 66 65 64 63 62 61 61 60 59 58 57 56 55 55 54 53 52 51 50 49 49 48 47 46 45 44 43 43 42 41 40 39 38 38 37 36 35 34 33 32 32 31 30 29 28 28 27 26 25 24 24 23 22 22 21 20 20 19 19 18 17 17 16 16 15 15 15 14 14 13 13 13 12 12 12 11 11 11 11 10 10 10 10 9 9 9 9 9 8 8 8 8 8 8 8 8 7 7
68 67 67 66 65 64 63 62 62 61 60 59 58 57 56 56 55 54 53 52 51 50 50 49 48 47 46 45 44 44 43 42 41 40 39 39 38 37 36 35 34 33 33 32 31 30 29 29 28 27 26 25 25 24 23 23 22 21 21 20 19 19 18 18 17 17 16 16 15 15 14 14 13 13 13 12 12 12 11 11 11 11 10 10 10 10 10 9 9 9 9 9 8 8 8 8 8 8 8 7
69 68 68 67 66 65 64 63 63 62 61 60 59 58 57 57 56 55 54 53 52 51 51 50 49 48 47 46 45 45 44 43 42 41 40 40 39 38 37 36 35 34 34 33 32 31 30 29 29 28 27 26 26 25 24 23 23 22 21 21 20 19 19 18 18 17 17 16 16 15 15 14 14 14 13 13 13 12 12 12 11 11 11 11 10 10 10 10 9 9 9 9 9 9 8 8 8 8 8 8
70 69 69 68 67 66 65 64 64 63 62 61 60 59 58 58 57 56 55 54 53 52 52 51 50 49 48 47 46 46 45 44 43 42 41 41 40 39 38 37 36 35 35 34 33 32 31 30 30 29 28 27 26 26 25 24 24 23 22 21 21 20 20 19 18 18 17 17 16 16 15 15 15 14 14 13 13 13 12 12 12 11 11 11 11 10 10 10 10 10 9 9 9 9 9 8 8 8 8 8
71 70 70 69 68 67 66 65 65 64 63 62 61 60 59 59 58 57 56 55 54 53 53 52 51 50 49 48 47 47 46 45 44 43 42 42 41 40 39 38 37 36 36 35 34 33 32 31 31 30 29 28 27 27 26 25 24 24 23 22 22 21 20 20 19 19 18 17 17 16 16 16 15 15 14 14 13 13 13 12 12 12 12 11 11 11 11 10 10 10 10 9 9 9 9 9 9 8 8 8
72 71 71 70 69 68 67 66 66 65 64 63 62 61 60 60 59 58 57 56 55 54 54 53 52 51 50 49 48 48 47 46 45 44 43 43 42 41 40 39 38 37 37 36 35 34 33 32 32 31 30 29 28 28 27 26 25 25 24 23 22 22 21 21 20 19 19 18 18 17 17 16 16 15 15 14 14 14 13 13 13 12 12 12 11 11 11 11 10 10 10 10 10 9 9 9 9 9 9 8
73 72 72 71 70 69 68 67 67 66 65 64 63 62 61 61 60 59 58 57 56 55 55 54 53 52 51 50 49 49 48 47 46 45 44 44 43 42 41 40 39 38 38 37 36 35 34 33 33 32 31 30 29 28 28 27 26 25 25 24 23 23 22 21 21 20 19 19 18 18 17 17 16 16 15 15 15 14 14 13 13 13 12 12 12 12 11 11 11 11 10 10 10 10 9 9 9 9 9 9
74 73 73 72 71 70 69 68 68 67 66 65 64 63 62 62 61 60 59 58 57 56 56 55 54 53 52 51 50 50 49 48 47 46 45 45 44 43 42 41 40 39 39 38 37 36 35 34 34 33 32 31 30 29 29 28 27 26 26 25 24 23 23 22 21 21 20 20 19 18 18 17 17 16 16 16 15 15 14 14 14 13 13 13 12 12 12 11 11 11 11 10 10 10 10 10 9 9 9 9
75 74 74 73 72 71 70 69 69 68 67 66 65 64 63 63 62 61 60 59 58 57 57 56 55 54 53 52 51 51 50 49 48 47 46 45 45 44 43 42 41 40 40 39 38 37 36 35 34 34 33 32 31 30 30 29 28 27 26 26 25 24 24 23 22 22 21 20 20 19 19 18 18 17 17 16 16 15 15 14 14 14 13 13 13 12 12 12 11 11 11 11 10 10 10 10 10 9 9 9
76 75 75 74 73 72 71 70 70 69 68 67 66 65 64 64 63 62 61 60 59 58 58 57 56 55 54 53 52 52 51 50 49 48 47 46 46 45 44 43 42 41 41 40 39 38 37 36 35 35 34 33 32 31 31 30 29 28 27 27 26 25 24 24 23 22 22 21 21 20 19 19 18 18 17 17 16 16 15 15 15 14 14 13 13 13 12 12 12 12 11 11 11 11 10 10 10 10 10 9
77 76 76 75 74 73 72 71 71 70 69 68 67 66 65 65 64 63 62 61 60 59 59 58 57 56 55 54 53 53 52 51 50 49 48 47 47 46 45 44 43 42 42 41 40 39 38 37 36 36 35 34 33 32 31 31 30 29 28 28 27 26 25 25 24 23 23 22 21 21 20 20 19 18 18 17 17 16 16 16 15 15 14 14 14 13 13 13 12 12 12 11 11 11 11 11 10 10 10 10
78 77 77 76 75 74 73 72 72 71 70 69 68 67 66 66 65 64 63 62 61 60 60 59 58 57 56 55 54 54 53 52 51 50 49 48 48 47 46 45 44 43 43 42 41 40 39 38 37 37 36 35 34 33 32 32 31 30 29 28 28 27 26 25 25 24 23 23 22 21 21 20 20 19 19 18 18 17 17 16 16 15 15 14 14 14 13 13 13 12 12 12 12 11 11 11 11 10 10 10
79 78 78 77 76 75 74 73 73 72 71 70 69 68 67 67 66 65 64 63 62 61 61 60 59 58 57 56 55 55 54 53 52 51 50 49 49 48 47 46 45 44 44 43 42 41 40 39 38 38 37 36 35 34 33 33 32 31 30 29 29 28 27 26 26 25 24 24 23 22 22 21 20 20 19 19 18 18 17 17 16 16 15 15 15 14 14 14 13 13 13 12 12 12 11 11 11 11 10 10
80 79 79 78 77 76 75 74 74 73 72 71 70 69 68 68 67 66 65 64 63 62 62 61 60 59 58 57 56 56 55 54 53 52 51 50 50 49 48 47 46 45 45 44 43 42 41 40 39 39 38 37 36 35 34 34 33 32 31 30 30 29 28 27 27 26 25 24 24 23 22 22 21 21 20 19 19 18 18 17 17 16 16 16 15 15 14 14 14 13 13 13 12 12 12 12 11 11 11 11
81 80 80 79 78 77 76 75 75 74 73 72 71 70 69 69 68 67 66 65 64 63 63 62 61 60 59 58 57 57 56 55 54 53 52 51 51 50 49 48 47 46 46 45 44 43 42 41 40 40 39 38 37 36 35 35 34 33 32 31 31 30 29 28 27 27 26 25 25 24 23 23 22 21 21 20 20 19 18 18 17 17 17 16 16 15 15 14 14 14 13 13 13 13 12 12 12 11 11 11
82 81 81 80 79 78 77 76 76 75 74 73 72 71 70 70 69 68 67 66 65 64 64 63 62 61 60 59 58 58 57 56 55 54 53 52 52 51 50 49 48 47 47 46 45 44 43 42 41 41 40 39 38 37 36 36 35 34 33 32 31 31 30 29 28 28 27 26 25 25 24 23 23 22 21 21 20 20 19 19 18 18 17 17 16 16 15 15 15 14 14 14 13 13 13 12 12 12 12 11
83 82 82 81 80 79 78 77 77 76 75 74 73 72 71 71 70 69 68 67 66 65 65 64 63 62 61 60 59 59 58 57 56 55 54 53 53 52 51 50 49 48 48 47 46 45 44 43 42 42 41 40 39 38 37 37 36 35 34 33 32 32 31 30 29 28 28 27 26 26 25 24 24 23 22 22 21 20 20 19 19 18 18 17 17 16 16 16 15 15 14 14 14 13 13 13 12 12 12 12
84 83 83 82 81 80 79 78 78 77 76 75 74 73 72 72 71 70 69 68 67 66 66 65 64 63 62 61 60 60 59 58 57 56 55 54 54 53 52 51 50 49 49 48 47 46 45 44 43 43 42 41 40 39 38 37 37 36 35 34 33 33 32 31 30 29 29 28 27 26 26 25 24 24 23 22 22 21 21 20 19 19 18 18 17 17 17 16 16 15 15 15 14 14 13 13 13 13 12 12
85 84 84 83 82 81 80 79 79 78 77 76 75 74 73 73 72 71 70 69 68 67 67 66 65 64 63 62 61 61 60 59 58 57 56 55 55 54 53 52 51 50 50 49 48 47 46 45 44 44 43 42 41 40 39 38 38 37 36 35 34 34 33 32 31 30 30 29 28 27 27 26 25 24 24 23 23 22 21 21 20 20 19 19 18 18 17 17 16 16 15 15 15 14 14 14 13 13 13 12
86 85 85 84 83 82 81 80 80 79 78 77 76 75 74 74 73 72 71 70 69 68 68 67 66 65 64 63 62 62 61 60 59 58 57 56 56 55 54 53 52 51 51 50 49 48 47 46 45 45 44 43 42 41 40 39 39 38 37 36 35 34 34 33 32 31 30 30 29 28 27 27 26 25 25 24 23 23 22 21 21 20 20 19 19 18 18 17 17 16 16 16 15 15 14 14 14 13 13 13
87 86 86 85 84 83 82 81 81 80 79 78 77 76 75 75 74 73 72 71 70 69 69 68 67 66 65 64 63 63 62 61 60 59 58 57 57 56 55 54 53 52 52 51 50 49 48 47 46 46 45 44 43 42 41 40 40 39 38 37 36 35 35 34 33 32 31 31 30 29 28 28 27 26 25 25 24 23 23 22 22 21 20 20 19 19 18 18 17 17 16 16 16 15 15 15 14 14 14 13
88 87 87 86 85 84 83 82 82 81 80 79 78 77 76 76 75 74 73 72 71 70 70 69 68 67 66 65 64 64 63 62 61 60 59 58 58 57 56 55 54 53 53 52 51 50 49 48 47 47 46 45 44 43 42 41 41 40 39 38 37 36 36 35 34 33 32 32 31 30 29 29 28 27 26 26 25 24 24 23 22 22 21 21 20 20 19 18 18 18 17 17 16 16 15 15 15 14 14 14
89 88 88 87 86 85 84 83 83 82 81 80 79 78 77 77 76 75 74 73 72 71 71 70 69 68 67 66 65 65 64 63 62 61 60 59 59 58 57 56 55 54 54 53 52 51 50 49 48 48 47 46 45 44 43 42 42 41 40 39 38 37 37 36 35 34 33 33 32 31 30 29 29 28 27 26 26 25 24 24 23 23 22 21 21 20 20 19 19 18 18 17 17 16 16 16 15 15 14 14
90 89 89 88 87 86 85 84 84 83 82 81 80 79 78 78 77 76 75 74 73 72 72 71 70 69 68 67 66 66 65 64 63 62 61 60 60 59 58 57 56 55 55 54 53 52 51 50 49 49 48 47 46 45 44 43 43 42 41 40 39 38 38 37 36 35 34 33 33 32 31 30 30 29 28 27 27 26 25 25 24 23 23 22 21 21 20 20 19 19 18 18 17 17 16 16 16 15 15 15
91 90 90 89 88 87 86 85 85 84 83 82 81 80 79 79 78 77 76 75 74 73 73 72 71 70 69 68 67 67 66 65 64 63 62 61 61 60 59 58 57 56 56 55 54 53 52 51 50 50 49 48 47 46 45 44 44 43 42 41 40 39 39 38 37 36 35 34 34 33 32 31 30 30 29 28 28 27 26 25 25 24 23 23 22 22 21 20 20 19 19 18 18 18 17 17 16 16 15 15
92 91 91 90 89 88 87 86 86 85 84 83 82 81 80 80 79 78 77 76 75 74 74 73 72 71 70 69 68 68 67 66 65 64 63 62 62 61 60 59 58 57 57 56 55 54 53 52 51 51 50 49 48 47 46 45 45 44 43 42 41 40 40 39 38 37 36 35 35 34 33 32 31 31 30 29 28 28 27 26 26 25 24 24 23 22 22 21 21 20 20 19 19 18 18 17 17 16 16 16
93 92 92 91 90 89 88 87 87 86 85 84 83 82 81 81 80 79 78 77 76 75 75 74 73 72 71 70 69 69 68 67 66 65 64 63 63 62 61 60 59 58 58 57 56 55 54 53 52 52 51 50 49 48 47 46 46 45 44 43 42 41 41 40 39 38 37 36 36 35 34 33 32 32 31 30 29 29 28 27 26 26 25 24 24 23 23 22 21 21 20 20 19 19 18 18 17 17 16 16
94 93 93 92 91 90 89 88 88 87 86 85 84 83 82 82 81 80 79 78 77 76 76 75 74 73 72 71 70 70 69 68 67 66 65 64 64 63 62 61 60 59 59 58 57 56 55 54 53 53 52 51 50 49 48 47 47 46 45 44 43 42 42 41 40 39 38 37 37 36 35 34 33 32 32 31 30 29 29 28 27 27 26 25 25 24 23 23 22 21 21 20 20 19 19 18 18 17 17 17
95 94 94 93 92 91 90 89 89 88 87 86 85 84 83 83 82 81 80 79 78 77 77 76 75 74 73 72 71 71 70 69 68 67 66 65 65 64 63 62 61 60 60 59 58 57 56 55 54 54 53 52 51 50 49 48 48 47 46 45 44 43 42 42 41 40 39 38 37 37 36 35 34 33 33 32 31 30 30 29 28 27 27 26 25 25 24 23 23 22 22 21 21 20 19 19 19 18 18 17
96 95 95 94 93 92 91 90 90 89 88 87 86 85 84 84 83 82 81 80 79 78 78 77 76 75 74 73 72 72 71 70 69 68 67 66 66 65 64 63 62 61 61 60 59 58 57 56 55 55 54 53 52 51 50 49 49 48 47 46 45 44 43 43 42 41 40 39 38 38 37 36 35 34 34 33 32 31 30 30 29 28 28 27 26 25 25 24 24 23 22 22 21 21 20 20 19 19 18 18
97 96 96 95 94 93 92 91 91 90 89 88 87 86 85 85 84 83 82 81 80 79 79 78 77 76 75 74 73 73 72 71 70 69 68 67 67 66 65 64 63 62 62 61 60 59 58 57 56 56 55 54 53 52 51 50 50 49 48 47 46 45 44 44 43 42 41 40 39 39 38 37 36 35 35 34 33 32 31 31 30 29 28 28 27 26 26 25 24 24 23 23 22 21 21 20 20 19 19 18
98 97 97 96 95 94 93 92 92 91 90 89 88 87 86 86 85 84 83 82 81 80 80 79 78 77 76 75 74 74 73 72 71 70 69 68 68 67 66 65 64 63 63 62 61 60 59 58 57 57 56 55 54 53 52 51 51 50 49 48 47 46 45 45 44 43 42 41 40 40 39 38 37 36 35 35 34 33 32 32 31 30 29 29 28 27 26 26 25 24 24 23 23 22 22 21 20 20 19 19
99 98 98 97 96 95 94 93 93 92 91 90 89 88 87 87 86 85 84 83 82 81 81 80 79 78 77 76 75 75 74 73 72 71 70 69 69 68 67 66 65 64 64 63 62 61 60 59 58 58 57 56 55 54 53 52 52 51 50 49 48 47 46 46 45 44 43 42 41 41 40 39 38 37 36 36 35 34 33 32 32 31 30 29 29 28 27 27 26 25 25 24 23 23 22 22 21 21 20 20
