100
41.66667 10.60957 2.70151 0.68788 0.17516 0.0446 0.01136 0.00289 7.4E-4 1.9E-4 5.0E-5 1.0E-5 0.0 0.0 0.0 0.0 0.0 0.0 0.0 0.0 0.0 0.0 0.0 0.0 0.0 0.0 0.0 0.0 0.0 0.0 0.0 0.0 0.0 0.0 0.0 0.0 0.0 0.0 0.0 0.0 0.0 0.0 0.0 0.0 0.0 0.0 0.0 0.0 0.0 0.0 0.0 0.0 0.0 0.0 0.0 0.0 0.0 0.0 0.0 0.0 0.0 0.0 0.0 0.0 0.0 0.0 0.0 0.0 0.0 0.0 0.0 0.0 0.0 0.0 0.0 0.0 0.0 0.0 0.0 0.0 0.0 0.0 0.0 0.0 0.0 0.0 0.0 0.0 0.0 0.0 0.0 0.0 0.0 0.0 0.0 0.0 0.0 0.0 0.0 0.0
75.42438 36.26543 20.60664 9.13035 4.91348 2.13505 1.13288 0.48967 0.25881 0.1117 0.05897 0.02544 0.01343 0.00579 0.00306 0.00132 7.0E-4 3.0E-4 1.6E-4 7.0E-5 4.0E-5 2.0E-5 1.0E-5 0.0 0.0 0.0 0.0 0.0 0.0 0.0 0.0 0.0 0.0 0.0 0.0 0.0 0.0 0.0 0.0 0.0 0.0 0.0 0.0 0.0 0.0 0.0 0.0 0.0 0.0 0.0 0.0 0.0 0.0 0.0 0.0 0.0 0.0 0.0 0.0 0.0 0.0 0.0 0.0 0.0 0.0 0.0 0.0 0.0 0.0 0.0 0.0 0.0 0.0 0.0 0.0 0.0 0.0 0.0 0.0 0.0 0.0 0.0 0.0 0.0 0.0 0.0 0.0 0.0 0.0 0.0 0.0 0.0 0.0 0.0 0.0 0.0 0.0 0.0 0.0 0.0
91.63746 65.5954 47.02511 31.49943 20.59419 13.36985 8.37418 5.35023 3.27695 2.0754 1.25542 0.79114 0.47513 0.29854 0.17853 0.11198 0.06679 0.04185 0.02493 0.01561 0.00929 0.00581 0.00346 0.00216 0.00129 8.0E-4 4.8E-4 3.0E-4 1.8E-4 1.1E-4 7.0E-5 4.0E-5 2.0E-5 2.0E-5 1.0E-5 1.0E-5 0.0 0.0 0.0 0.0 0.0 0.0 0.0 0.0 0.0 0.0 0.0 0.0 0.0 0.0 0.0 0.0 0.0 0.0 0.0 0.0 0.0 0.0 0.0 0.0 0.0 0.0 0.0 0.0 0.0 0.0 0.0 0.0 0.0 0.0 0.0 0.0 0.0 0.0 0.0 0.0 0.0 0.0 0.0 0.0 0.0 0.0 0.0 0.0 0.0 0.0 0.0 0.0 0.0 0.0 0.0 0.0 0.0 0.0 0.0 0.0 0.0 0.0 0.0 0.0
97.15441 78.54543 64.16229 47.65309 35.86062 25.25027 18.14856 12.33954 8.61723 5.71907 3.91677 2.55451 1.72527 1.11063 0.74234 0.47311 0.3137 0.19835 0.13069 0.08211 0.05382 0.03364 0.02196 0.01366 0.00889 0.00551 0.00357 0.00221 0.00143 8.8E-4 5.7E-4 3.5E-4 2.3E-4 1.4E-4 9.0E-5 5.0E-5 3.0E-5 2.0E-5 1.0E-5 1.0E-5 1.0E-5 0.0 0.0 0.0 0.0 0.0 0.0 0.0 0.0 0.0 0.0 0.0 0.0 0.0 0.0 0.0 0.0 0.0 0.0 0.0 0.0 0.0 0.0 0.0 0.0 0.0 0.0 0.0 0.0 0.0 0.0 0.0 0.0 0.0 0.0 0.0 0.0 0.0 0.0 0.0 0.0 0.0 0.0 0.0 0.0 0.0 0.0 0.0 0.0 0.0 0.0 0.0 0.0 0.0 0.0 0.0 0.0 0.0 0.0 0.0
99.03171 88.97887 76.93749 63.82946 50.62028 39.67536 29.74181 22.40476 16.15579 11.82753 8.29203 5.9424 4.07854 2.87518 1.94097 1.3506 0.89977 0.61954 0.4083 0.2787 0.18203 0.12336 0.07996 0.05385 0.03468 0.02323 0.01488 0.00992 0.00632 0.0042 0.00267 0.00176 0.00112 7.4E-4 4.6E-4 3.0E-4 1.9E-4 1.3E-4 8.0E-5 5.0E-5 3.0E-5 2.0E-5 1.0E-5 1.0E-5 1.0E-5 0.0 0.0 0.0 0.0 0.0 0.0 0.0 0.0 0.0 0.0 0.0 0.0 0.0 0.0 0.0 0.0 0.0 0.0 0.0 0.0 0.0 0.0 0.0 0.0 0.0 0.0 0.0 0.0 0.0 0.0 0.0 0.0 0.0 0.0 0.0 0.0 0.0 0.0 0.0 0.0 0.0 0.0 0.0 0.0 0.0 0.0 0.0 0.0 0.0 0.0 0.0 0.0 0.0 0.0 0.0
99.67051 93.39797 85.69198 74.48749 63.77205 52.06826 42.33302 32.94825 25.77745 19.34338 14.69768 10.72073 7.96256 5.67884 4.14194 2.90072 2.08466 1.43823 1.02104 0.69565 0.4888 0.32951 0.22951 0.15331 0.10598 0.07024 0.04824 0.03175 0.02168 0.01418 0.00963 0.00627 0.00424 0.00274 0.00185 0.00119 8.0E-4 5.1E-4 3.4E-4 2.2E-4 1.5E-4 9.0E-5 6.0E-5 4.0E-5 3.0E-5 2.0E-5 1.0E-5 1.0E-5 0.0 0.0 0.0 0.0 0.0 0.0 0.0 0.0 0.0 0.0 0.0 0.0 0.0 0.0 0.0 0.0 0.0 0.0 0.0 0.0 0.0 0.0 0.0 0.0 0.0 0.0 0.0 0.0 0.0 0.0 0.0 0.0 0.0 0.0 0.0 0.0 0.0 0.0 0.0 0.0 0.0 0.0 0.0 0.0 0.0 0.0 0.0 0.0 0.0 0.0 0.0 0.0
99.88788 96.66495 90.9942 83.3739 73.63956 64.00731 53.55339 44.55806 35.69336 28.6761 22.1867 17.33135 13.03884 9.95613 7.32065 5.48617 3.95801 2.92021 2.0734 1.50969 1.05743 0.76131 0.52703 0.37576 0.2575 0.18204 0.12364 0.08676 0.05846 0.04075 0.02727 0.0189 0.01256 0.00866 0.00573 0.00393 0.00258 0.00177 0.00116 7.9E-4 5.1E-4 3.5E-4 2.3E-4 1.5E-4 1.0E-4 7.0E-5 4.0E-5 3.0E-5 2.0E-5 1.0E-5 1.0E-5 1.0E-5 0.0 0.0 0.0 0.0 0.0 0.0 0.0 0.0 0.0 0.0 0.0 0.0 0.0 0.0 0.0 0.0 0.0 0.0 0.0 0.0 0.0 0.0 0.0 0.0 0.0 0.0 0.0 0.0 0.0 0.0 0.0 0.0 0.0 0.0 0.0 0.0 0.0 0.0 0.0 0.0 0.0 0.0 0.0 0.0 0.0 0.0 0.0 0.0
99.96185 98.03082 94.67994 88.78009 81.84101 72.95558 64.29414 54.73596 46.39852 37.9872 31.17313 24.70449 19.73474 15.22116 11.88937 8.9638 6.87079 5.08124 3.83283 2.7882 2.07442 1.48771 1.09375 0.77474 0.56368 0.39495 0.28473 0.19759 0.14129 0.09721 0.06901 0.04712 0.03323 0.02253 0.0158 0.01065 0.00743 0.00497 0.00345 0.0023 0.00159 0.00105 7.3E-4 4.8E-4 3.3E-4 2.2E-4 1.5E-4 1.0E-4 7.0E-5 4.0E-5 3.0E-5 2.0E-5 1.0E-5 1.0E-5 1.0E-5 0.0 0.0 0.0 0.0 0.0 0.0 0.0 0.0 0.0 0.0 0.0 0.0 0.0 0.0 0.0 0.0 0.0 0.0 0.0 0.0 0.0 0.0 0.0 0.0 0.0 0.0 0.0 0.0 0.0 0.0 0.0 0.0 0.0 0.0 0.0 0.0 0.0 0.0 0.0 0.0 0.0 0.0 0.0 0.0 0.0
99.98702 99.01146 96.69917 92.98201 87.29365 80.76408 72.60798 64.64118 55.80698 47.99353 39.98733 33.37489 26.97147 21.94329 17.27681 13.75261 10.58886 8.27265 6.24819 4.80325 3.56776 2.70443 1.97971 1.48231 1.07125 0.79344 0.56692 0.41587 0.29415 0.21393 0.14994 0.10821 0.07522 0.05391 0.0372 0.02649 0.01816 0.01286 0.00876 0.00617 0.00418 0.00293 0.00197 0.00138 9.2E-4 6.4E-4 4.3E-4 3.0E-4 2.0E-4 1.4E-4 9.0E-5 6.0E-5 4.0E-5 3.0E-5 2.0E-5 1.0E-5 1.0E-5 1.0E-5 0.0 0.0 0.0 0.0 0.0 0.0 0.0 0.0 0.0 0.0 0.0 0.0 0.0 0.0 0.0 0.0 0.0 0.0 0.0 0.0 0.0 0.0 0.0 0.0 0.0 0.0 0.0 0.0 0.0 0.0 0.0 0.0 0.0 0.0 0.0 0.0 0.0 0.0 0.0 0.0 0.0 0.0
99.99558 99.41952 98.10996 95.39335 91.62835 86.10911 79.9833 72.397 65.00598 56.75929 49.39522 41.74948 35.33829 29.02606 23.98018 19.21139 15.54036 12.18213 9.6748 7.44129 5.81543 4.39883 3.38942 2.52626 1.92234 1.41415 1.06417 0.77374 0.57649 0.41478 0.30628 0.21829 0.15989 0.11298 0.08215 0.05759 0.0416 0.02896 0.02079 0.01438 0.01026 0.00705 0.00501 0.00342 0.00242 0.00165 0.00116 7.8E-4 5.5E-4 3.7E-4 2.6E-4 1.7E-4 1.2E-4 8.0E-5 6.0E-5 4.0E-5 3.0E-5 2.0E-5 1.0E-5 1.0E-5 1.0E-5 0.0 0.0 0.0 0.0 0.0 0.0 0.0 0.0 0.0 0.0 0.0 0.0 0.0 0.0 0.0 0.0 0.0 0.0 0.0 0.0 0.0 0.0 0.0 0.0 0.0 0.0 0.0 0.0 0.0 0.0 0.0 0.0 0.0 0.0 0.0 0.0 0.0 0.0 0.0
99.9985 99.7093 98.83882 97.2041 94.30417 90.52209 85.20487 79.41151 72.30344 65.38261 57.62945 50.65002 43.32782 37.11006 30.90396 25.86774 21.03434 17.25231 13.73603 11.06577 8.64751 6.85658 5.27012 4.12006 3.12035 2.40886 1.8004 1.37426 1.01499 0.76691 0.56037 0.41953 0.30357 0.22538 0.16164 0.1191 0.08473 0.06199 0.04377 0.03182 0.02232 0.01613 0.01124 0.00808 0.0056 0.0040 0.00276 0.00196 0.00135 9.5E-4 6.5E-4 4.6E-4 3.1E-4 2.2E-4 1.5E-4 1.0E-4 7.0E-5 5.0E-5 3.0E-5 2.0E-5 2.0E-5 1.0E-5 1.0E-5 0.0 0.0 0.0 0.0 0.0 0.0 0.0 0.0 0.0 0.0 0.0 0.0 0.0 0.0 0.0 0.0 0.0 0.0 0.0 0.0 0.0 0.0 0.0 0.0 0.0 0.0 0.0 0.0 0.0 0.0 0.0 0.0 0.0 0.0 0.0 0.0 0.0
99.99949 99.82967 99.34924 98.19904 96.37007 93.35412 89.61223 84.48643 78.98809 72.28362 65.76179 58.42981 51.7867 44.75635 38.72336 32.63143 27.62416 22.75461 18.89014 15.24621 12.43767 9.85694 7.91645 6.17208 4.88803 3.75536 2.93685 2.22661 1.7216 1.28969 0.98696 0.73135 0.55446 0.40679 0.30578 0.22231 0.1658 0.11955 0.08852 0.06333 0.04659 0.0331 0.0242 0.01708 0.01241 0.00871 0.0063 0.00439 0.00316 0.00219 0.00157 0.00108 7.7E-4 5.3E-4 3.8E-4 2.6E-4 1.8E-4 1.2E-4 9.0E-5 6.0E-5 4.0E-5 3.0E-5 2.0E-5 1.0E-5 1.0E-5 1.0E-5 0.0 0.0 0.0 0.0 0.0 0.0 0.0 0.0 0.0 0.0 0.0 0.0 0.0 0.0 0.0 0.0 0.0 0.0 0.0 0.0 0.0 0.0 0.0 0.0 0.0 0.0 0.0 0.0 0.0 0.0 0.0 0.0 0.0 0.0
99.99983 99.91478 99.60302 98.93183 97.58133 95.61124 92.54099 88.85741 83.91562 78.67557 72.3194 66.14007 59.17362 52.82732 46.06187 40.20406 34.23001 29.2651 24.38098 20.45691 16.71064 13.78523 11.06221 8.98692 7.09669 5.68609 4.42523 3.50146 2.68926 2.10379 1.59648 1.23602 0.92772 0.71149 0.52868 0.40195 0.29592 0.2232 0.16293 0.12199 0.08835 0.0657 0.04724 0.03491 0.02493 0.01831 0.013 0.00949 0.0067 0.00487 0.00342 0.00247 0.00172 0.00124 8.6E-4 6.2E-4 4.3E-4 3.1E-4 2.1E-4 1.5E-4 1.0E-4 7.0E-5 5.0E-5 4.0E-5 2.0E-5 2.0E-5 1.0E-5 1.0E-5 1.0E-5 0.0 0.0 0.0 0.0 0.0 0.0 0.0 0.0 0.0 0.0 0.0 0.0 0.0 0.0 0.0 0.0 0.0 0.0 0.0 0.0 0.0 0.0 0.0 0.0 0.0 0.0 0.0 0.0 0.0 0.0 0.0
99.99994 99.95011 99.78097 99.32126 98.49793 96.99124 94.92899 91.83846 88.22651 83.45706 78.4471 72.39515 66.51474 59.86947 53.78798 47.26425 41.57215 35.71695 30.80373 25.92153 21.95621 18.12876 15.10502 12.25785 10.06155 8.03731 6.50792 5.12444 4.0981 3.18484 2.51824 1.93369 1.51316 1.14919 0.89074 0.66966 0.51452 0.38322 0.29207 0.21566 0.16314 0.1195 0.08977 0.06527 0.04872 0.03518 0.0261 0.01872 0.01381 0.00985 0.00723 0.00512 0.00374 0.00264 0.00192 0.00135 9.7E-4 6.8E-4 4.9E-4 3.4E-4 2.4E-4 1.7E-4 1.2E-4 8.0E-5 6.0E-5 4.0E-5 3.0E-5 2.0E-5 1.0E-5 1.0E-5 1.0E-5 0.0 0.0 0.0 0.0 0.0 0.0 0.0 0.0 0.0 0.0 0.0 0.0 0.0 0.0 0.0 0.0 0.0 0.0 0.0 0.0 0.0 0.0 0.0 0.0 0.0 0.0 0.0 0.0 0.0
99.99998 99.97505 99.8671 99.60467 99.01508 98.06471 96.44142 94.31805 91.23122 87.69618 83.08786 78.28395 72.50098 66.88436 60.52441 54.68113 48.37909 42.84355 37.10638 32.25127 27.38365 23.39187 19.50096 16.39493 13.43981 11.13527 8.98841 7.34811 5.84806 4.72252 3.70994 2.96234 2.29953 1.81722 1.39518 1.09207 0.82996 0.64394 0.48481 0.37308 0.27844 0.21266 0.15743 0.11939 0.08772 0.06609 0.04821 0.0361 0.02617 0.01948 0.01403 0.01039 0.00744 0.00548 0.0039 0.00286 0.00203 0.00148 0.00104 7.6E-4 5.3E-4 3.9E-4 2.7E-4 1.9E-4 1.4E-4 1.0E-4 7.0E-5 5.0E-5 3.0E-5 2.0E-5 2.0E-5 1.0E-5 1.0E-5 1.0E-5 0.0 0.0 0.0 0.0 0.0 0.0 0.0 0.0 0.0 0.0 0.0 0.0 0.0 0.0 0.0 0.0 0.0 0.0 0.0 0.0 0.0 0.0 0.0 0.0 0.0 0.0
99.99999 99.9854 99.92754 99.75137 99.40087 98.69662 97.64389 95.9329 93.77194 90.70417 87.2483 82.79018 78.17233 72.62947 67.24804 61.14385 55.51645 49.41867 44.03106 38.41001 33.61731 28.77399 24.76776 20.82825 17.65381 14.60518 12.20412 9.94545 8.20203 6.59171 5.3708 4.2613 3.43348 2.69208 2.14685 1.66492 1.31511 1.00958 0.79044 0.6011 0.46677 0.35186 0.27115 0.20273 0.15512 0.11509 0.08748 0.06444 0.04867 0.03562 0.02675 0.01945 0.01452 0.0105 0.0078 0.00561 0.00414 0.00296 0.00218 0.00155 0.00114 8.1E-4 5.9E-4 4.1E-4 3.0E-4 2.1E-4 1.5E-4 1.1E-4 8.0E-5 5.0E-5 4.0E-5 3.0E-5 2.0E-5 1.0E-5 1.0E-5 1.0E-5 0.0 0.0 0.0 0.0 0.0 0.0 0.0 0.0 0.0 0.0 0.0 0.0 0.0 0.0 0.0 0.0 0.0 0.0 0.0 0.0 0.0 0.0 0.0 0.0
100.0 99.9927 99.95621 99.85729 99.61209 99.17959 98.37706 97.24161 95.46573 93.2839 90.24556 86.8688 82.55074 78.10194 72.77523 67.6053 61.73218 56.30168 50.3929 45.14514 39.63758 34.91008 30.09853 26.0876 22.112 18.88118 15.75186 13.26498 10.90467 9.06572 7.35154 6.03941 4.83586 3.92912 3.1094 2.50065 1.95749 1.55936 1.20835 0.95411 0.73239 0.57355 0.4364 0.33914 0.25593 0.19746 0.14787 0.11332 0.08425 0.06416 0.04738 0.03587 0.02631 0.01981 0.01445 0.01082 0.00785 0.00585 0.00422 0.00313 0.00224 0.00166 0.00118 8.7E-4 6.2E-4 4.5E-4 3.2E-4 2.3E-4 1.6E-4 1.2E-4 8.0E-5 6.0E-5 4.0E-5 3.0E-5 2.0E-5 2.0E-5 1.0E-5 1.0E-5 1.0E-5 0.0 0.0 0.0 0.0 0.0 0.0 0.0 0.0 0.0 0.0 0.0 0.0 0.0 0.0 0.0 0.0 0.0 0.0 0.0 0.0 0.0
100.0 99.99573 99.97635 99.91097 99.76801 99.45533 98.94898 98.06273 96.86106 95.03785 92.84756 89.84544 86.54654 82.35923 78.06494 72.93423 67.95589 62.29297 57.04306 51.30984 46.19442 40.79732 36.13667 31.36263 27.35495 23.35381 20.07702 16.87841 14.31547 11.86302 9.93581 8.12416 6.72512 5.43078 4.44684 3.54955 2.87712 2.27186 1.82415 1.42595 1.13489 0.87882 0.6937 0.53247 0.41707 0.3175 0.2469 0.18651 0.14405 0.10803 0.08291 0.06175 0.0471 0.03486 0.02644 0.01945 0.01467 0.01073 0.00805 0.00586 0.00438 0.00317 0.00235 0.00169 0.00126 9.0E-4 6.6E-4 4.7E-4 3.5E-4 2.5E-4 1.8E-4 1.3E-4 9.0E-5 7.0E-5 5.0E-5 3.0E-5 2.0E-5 2.0E-5 1.0E-5 1.0E-5 1.0E-5 0.0 0.0 0.0 0.0 0.0 0.0 0.0 0.0 0.0 0.0 0.0 0.0 0.0 0.0 0.0 0.0 0.0 0.0 0.0
100.0 99.99786 99.98575 99.94951 99.85132 99.66331 99.28704 98.71495 97.75796 96.50351 94.64673 92.45713 89.49568 86.27264 82.20758 78.05524 73.10338 68.29974 62.82916 57.74574 52.17615 47.18612 41.89623 37.30324 32.57108 28.57315 24.55539 21.24169 17.98389 15.35374 12.81797 10.80946 8.9066 7.42508 6.04343 4.98433 4.01063 3.27474 2.60694 2.10873 1.66196 1.33259 1.04044 0.82742 0.64035 0.50533 0.38786 0.30387 0.23142 0.18008 0.13614 0.10526 0.07903 0.06073 0.0453 0.03461 0.02566 0.0195 0.01437 0.01087 0.00796 0.00599 0.00437 0.00327 0.00237 0.00177 0.00128 9.5E-4 6.8E-4 5.0E-4 3.6E-4 2.7E-4 1.9E-4 1.4E-4 1.0E-4 7.0E-5 5.0E-5 4.0E-5 3.0E-5 2.0E-5 1.0E-5 1.0E-5 1.0E-5 0.0 0.0 0.0 0.0 0.0 0.0 0.0 0.0 0.0 0.0 0.0 0.0 0.0 0.0 0.0 0.0 0.0
100.0 99.99875 99.99236 99.9687 99.91234 99.77909 99.54687 99.11172 98.48175 97.46528 96.16913 94.28956 92.10747 89.18947 86.03989 82.08937 78.06805 73.28031 68.63687 63.34322 58.41396 52.9974 48.12631 42.94027 38.41517 33.72818 29.74531 25.71849 22.37573 19.06774 16.3784 13.76748 11.68425 9.69627 8.13669 6.6714 5.53943 4.49082 3.69203 2.96158 2.41226 1.91585 1.54694 1.21718 0.97478 0.76028 0.6042 0.46736 0.36873 0.28301 0.22176 0.16896 0.13154 0.09953 0.07702 0.05789 0.04454 0.03327 0.02546 0.01891 0.01439 0.01063 0.00805 0.00591 0.00446 0.00326 0.00245 0.00178 0.00133 9.6E-4 7.2E-4 5.2E-4 3.8E-4 2.7E-4 2.0E-4 1.5E-4 1.1E-4 8.0E-5 6.0E-5 4.0E-5 3.0E-5 2.0E-5 1.0E-5 1.0E-5 1.0E-5 1.0E-5 0.0 0.0 0.0 0.0 0.0 0.0 0.0 0.0 0.0 0.0 0.0 0.0 0.0 0.0
100.0 99.99937 99.99541 99.98243 99.94429 99.86553 99.69653 99.42191 98.933 98.2524 97.18615 95.85738 93.96357 91.79407 88.92112 85.84242 81.99943 78.09956 73.46317 68.96735 63.83725 59.0513 53.77826 49.02018 43.9346 39.47714 34.83781 30.87433 26.84485 23.47989 20.12968 17.38843 14.7099 12.55815 10.49092 8.85768 7.3125 6.11011 4.98835 4.1275 3.33461 2.73387 2.18703 1.77756 1.40887 1.13579 0.89237 0.7139 0.55629 0.44182 0.34161 0.26946 0.20682 0.16209 0.12354 0.09623 0.07286 0.05642 0.04246 0.0327 0.02446 0.01874 0.01394 0.01062 0.00786 0.00596 0.00439 0.00331 0.00243 0.00183 0.00133 0.0010 7.2E-4 5.4E-4 3.9E-4 2.9E-4 2.1E-4 1.5E-4 1.1E-4 8.0E-5 6.0E-5 4.0E-5 3.0E-5 2.0E-5 2.0E-5 1.0E-5 1.0E-5 1.0E-5 0.0 0.0 0.0 0.0 0.0 0.0 0.0 0.0 0.0 0.0 0.0 0.0
100.0 99.99963 99.99756 99.98917 99.96755 99.91264 99.81022 99.60575 99.29117 98.75363 98.02897 96.92127 95.56737 93.66607 91.51296 88.68587 85.67539 81.93356 78.1467 73.65048 69.29134 64.31302 59.66079 54.52273 49.87216 44.88369 40.4933 35.90341 31.96287 27.9362 24.55498 21.16965 18.38307 15.64388 13.42945 11.28859 9.586 7.96471 6.69449 5.50156 4.57972 3.72489 3.07263 2.47484 2.02402 1.61529 1.31038 1.0367 0.8346 0.65489 0.52342 0.40753 0.3235 0.25002 0.19719 0.15134 0.11863 0.09045 0.07048 0.0534 0.04138 0.03117 0.02403 0.01799 0.0138 0.01028 0.00785 0.00581 0.00442 0.00326 0.00246 0.00181 0.00136 0.0010 7.5E-4 5.4E-4 4.1E-4 2.9E-4 2.2E-4 1.6E-4 1.2E-4 8.0E-5 6.0E-5 4.0E-5 3.0E-5 2.0E-5 2.0E-5 1.0E-5 1.0E-5 1.0E-5 0.0 0.0 0.0 0.0 0.0 0.0 0.0 0.0 0.0 0.0
100.0 99.99982 99.99853 99.99397 99.97952 99.94752 99.87427 99.74764 99.50872 99.15691 98.57567 97.81284 96.67081 95.29797 93.39459 91.26067 88.47966 85.53476 81.88831 78.20695 73.8411 69.60899 64.77207 60.24501 55.23423 50.68606 45.79144 41.46731 36.92812 33.01342 28.99418 25.60192 22.18778 19.36182 16.56838 14.2967 12.08758 10.31983 8.62622 7.29086 6.02888 5.04729 4.13126 3.42763 2.77859 2.28581 1.83614 1.4984 1.19327 0.96639 0.76332 0.61375 0.48104 0.38415 0.29888 0.23713 0.18321 0.14447 0.11088 0.08693 0.0663 0.05169 0.03918 0.03039 0.0229 0.01767 0.01325 0.01017 0.00759 0.0058 0.0043 0.00327 0.00242 0.00183 0.00135 0.00102 7.4E-4 5.6E-4 4.1E-4 3.1E-4 2.2E-4 1.7E-4 1.2E-4 9.0E-5 6.0E-5 5.0E-5 3.0E-5 3.0E-5 2.0E-5 1.0E-5 1.0E-5 1.0E-5 0.0 0.0 0.0 0.0 0.0 0.0 0.0 0.0
100.0 99.99989 99.99922 99.9963 99.98819 99.96619 99.92247 99.82987 99.67907 99.40716 99.02097 98.40068 97.6049 96.43464 95.04799 93.14683 91.03418 88.29907 85.41715 81.86079 78.27825 74.03407 69.92046 65.21573 60.8062 55.91569 51.46521 46.66127 42.40241 37.91477 34.02824 30.02038 26.62162 23.18429 20.32436 17.48253 15.15872 12.88643 11.05758 9.29538 7.89759 6.56883 5.52891 4.55258 3.79793 3.09756 2.56242 2.07107 1.69964 1.36199 1.10931 0.88173 0.71301 0.56237 0.45167 0.35364 0.2822 0.21941 0.17401 0.1344 0.10597 0.08133 0.06377 0.04865 0.03794 0.02878 0.02233 0.01684 0.01301 0.00976 0.0075 0.0056 0.00429 0.00319 0.00243 0.00179 0.00136 0.0010 7.6E-4 5.6E-4 4.2E-4 3.1E-4 2.3E-4 1.7E-4 1.2E-4 9.0E-5 7.0E-5 5.0E-5 4.0E-5 3.0E-5 2.0E-5 1.0E-5 1.0E-5 1.0E-5 1.0E-5 0.0 0.0 0.0 0.0 0.0
100.0 99.99995 99.99954 99.99796 99.99259 99.97992 99.94911 99.89267 99.78023 99.60569 99.30255 98.88483 98.22976 97.40566 96.21239 94.81619 92.92071 90.83084 88.14115 85.31972 81.84863 78.35892 74.22865 70.22595 65.64518 61.34629 56.5697 52.21252 47.49621 43.30149 38.8659 35.00944 31.01631 27.61503 24.15951 21.27049 18.38569 16.0145 13.68387 11.79783 9.97072 8.51324 7.12001 6.02329 4.98777 4.18261 3.43102 2.85327 2.31969 1.91387 1.54277 1.26335 1.01018 0.82133 0.65171 0.52629 0.41456 0.33262 0.26019 0.20748 0.16123 0.12782 0.09869 0.07781 0.05972 0.04683 0.03573 0.02788 0.02116 0.01642 0.0124 0.00958 0.0072 0.00554 0.00414 0.00317 0.00236 0.0018 0.00133 0.00101 7.5E-4 5.7E-4 4.2E-4 3.1E-4 2.3E-4 1.7E-4 1.3E-4 9.0E-5 7.0E-5 5.0E-5 4.0E-5 3.0E-5 2.0E-5 1.0E-5 1.0E-5 1.0E-5 1.0E-5 0.0 0.0 0.0
100.0 99.99997 99.99975 99.99875 99.99577 99.98716 99.969 99.92836 99.85855 99.72614 99.5286 99.19612 98.74962 98.06372 97.21538 96.00357 94.60137 92.71433 90.64832 88.00338 85.24003 81.8498 78.44751 74.42422 70.52564 66.06144 61.86698 57.19849 52.93055 48.29891 44.16715 39.78383 35.95896 31.98343 28.5831 25.11386 22.20017 19.27735 16.86321 14.4788 12.53933 10.6509 9.13645 7.68114 6.52925 5.43577 4.58074 3.77822 3.15778 2.58157 2.14079 1.73545 1.42844 1.14872 0.93882 0.74922 0.6082 0.48185 0.38864 0.30577 0.24511 0.19157 0.15267 0.11857 0.09397 0.07254 0.05718 0.04389 0.03442 0.02627 0.0205 0.01557 0.01209 0.00913 0.00706 0.00531 0.00409 0.00306 0.00235 0.00175 0.00133 9.9E-4 7.5E-4 5.6E-4 4.2E-4 3.1E-4 2.3E-4 1.7E-4 1.3E-4 9.0E-5 7.0E-5 5.0E-5 4.0E-5 3.0E-5 2.0E-5 2.0E-5 1.0E-5 1.0E-5 1.0E-5 0.0
100.0 99.99998 99.99985 99.99931 99.99736 99.99245 99.97982 99.95538 99.90415 99.82056 99.66837 99.44876 99.08891 98.61626 97.9031 97.0341 95.8076 94.40238 92.526 90.48457 87.88357 85.17601 81.86259 78.54284 74.62028 70.81971 66.46542 62.36975 57.80403 53.62154 49.07176 45.00169 40.67067 36.87859 32.92308 29.52674 26.04776 23.11341 20.15715 17.70418 15.27028 13.28098 11.3347 9.76598 8.25102 7.04565 5.89555 4.99144 4.13842 3.47535 2.85627 2.38008 1.93982 1.6045 1.29733 1.06553 0.85502 0.69755 0.55569 0.45045 0.35636 0.28711 0.22564 0.18073 0.14115 0.11242 0.08727 0.06914 0.05336 0.04206 0.03228 0.02532 0.01933 0.01509 0.01146 0.00891 0.00673 0.00521 0.00392 0.00302 0.00226 0.00174 0.00129 9.9E-4 7.3E-4 5.6E-4 4.1E-4 3.1E-4 2.3E-4 1.8E-4 1.3E-4 1.0E-4 7.0E-5 5.0E-5 4.0E-5 3.0E-5 2.0E-5 2.0E-5 1.0E-5 1.0E-5
100.0 99.99999 99.99992 99.99958 99.9985 99.9952 99.98784 99.97048 99.93911 99.87672 99.7792 99.60764 99.36703 98.98176 98.48544 97.74825 96.86176 95.62387 94.21811 92.35418 90.33778 87.77982 85.12588 81.88554 78.6439 74.81643 71.10835 66.85793 62.85591 58.38809 54.28751 49.81689 45.80722 41.52832 37.76999 33.83655 30.44688 26.96172 24.01034 21.02481 18.53684 16.05751 14.0218 12.02105 10.40072 8.82853 7.57143 6.36615 5.41384 4.51089 3.80535 3.1433 2.63137 2.15565 1.79139 1.45597 1.2015 0.96919 0.79447 0.63625 0.51823 0.41217 0.33367 0.26364 0.21219 0.1666 0.13334 0.10406 0.08284 0.06428 0.05091 0.03928 0.03096 0.02376 0.01864 0.01423 0.01111 0.00845 0.00657 0.00497 0.00384 0.00289 0.00223 0.00167 0.00129 9.6E-4 7.3E-4 5.5E-4 4.2E-4 3.1E-4 2.3E-4 1.7E-4 1.3E-4 1.0E-4 7.0E-5 5.0E-5 4.0E-5 3.0E-5 2.0E-5 2.0E-5
100.0 100.0 99.99995 99.99977 99.99907 99.9972 99.99214 99.98182 99.95912 99.9203 99.84639 99.73497 99.54461 99.28413 98.87537 98.35766 97.59938 96.69819 95.45175 94.04754 92.19746 90.20637 87.69048 85.0881 81.91741 78.74983 75.01232 71.39173 67.23969 63.32663 58.9522 54.93023 50.5362 46.58563 42.35855 38.63468 34.72506 31.3444 27.85622 24.89112 21.88017 19.36076 16.8398 14.76095 12.70898 11.03965 9.41263 8.1056 6.84663 5.84711 4.89489 4.1472 3.44219 2.89431 2.38269 1.98894 1.62457 1.34672 1.09179 0.89906 0.72367 0.59215 0.47337 0.38499 0.30575 0.24722 0.19511 0.15688 0.12306 0.09843 0.07676 0.06108 0.04737 0.03751 0.02894 0.02281 0.0175 0.01373 0.01049 0.00819 0.00623 0.00484 0.00366 0.00284 0.00214 0.00165 0.00124 9.5E-4 7.1E-4 5.4E-4 4.1E-4 3.1E-4 2.3E-4 1.7E-4 1.3E-4 1.0E-4 7.0E-5 5.0E-5 4.0E-5 3.0E-5
100.0 100.0 99.99998 99.99986 99.99948 99.99823 99.99531 99.98807 99.97434 99.94577 99.89911 99.81348 99.68832 99.47986 99.20068 98.77028 98.23332 97.45658 96.54314 95.29061 93.88969 92.05459 90.08892 87.6141 85.06133 81.95711 78.85989 75.20769 71.67002 67.61136 63.78296 59.49774 55.55131 51.23141 47.33862 43.16295 39.47408 35.58976 32.22014 28.7318 25.75595 22.7231 20.17557 17.61656 15.49767 13.39762 11.68181 10.00238 8.6472 7.33612 6.29043 5.28974 4.50026 3.75244 3.1685 2.62064 2.19695 1.80302 1.50114 1.22285 1.01141 0.81806 0.67235 0.54012 0.44123 0.35214 0.28601 0.22683 0.18321 0.14443 0.11603 0.09095 0.07269 0.05666 0.04507 0.03494 0.02766 0.02133 0.01681 0.0129 0.01012 0.00773 0.00604 0.00459 0.00357 0.00271 0.0021 0.00158 0.00122 9.2E-4 7.1E-4 5.3E-4 4.0E-4 3.0E-4 2.3E-4 1.7E-4 1.3E-4 1.0E-4 7.0E-5 5.0E-5
100.0 100.0 99.99999 99.99992 99.99968 99.99898 99.99699 99.99273 99.98291 99.96536 99.9305 99.87571 99.77831 99.63971 99.41393 99.11721 98.66693 98.1127 97.31987 96.39635 95.13984 93.74369 91.92445 89.98416 87.5494 85.0444 82.00371 78.97347 75.4023 71.94339 67.97353 64.22582 60.02597 56.15219 51.90406 48.06775 43.94299 40.2895 36.43172 33.07494 29.58896 26.60508 23.55358 20.981 18.3873 16.23131 14.08619 12.32638 10.59689 9.19538 7.83378 6.74303 5.69472 4.86396 4.07356 3.45352 2.86921 2.41521 1.9912 1.66471 1.36237 1.13155 0.91951 0.75894 0.61255 0.50255 0.40298 0.32871 0.26194 0.21248 0.16831 0.1358 0.10695 0.08585 0.06724 0.05371 0.04184 0.03327 0.02578 0.02041 0.01574 0.0124 0.00952 0.00747 0.00571 0.00446 0.00339 0.00264 0.0020 0.00155 0.00117 9.0E-4 6.8E-4 5.2E-4 3.9E-4 3.0E-4 2.2E-4 1.7E-4 1.3E-4 1.0E-4
100.0 100.0 99.99999 99.99995 99.99982 99.99936 99.99822 99.99526 99.98939 99.97663 99.95491 99.91341 99.85032 99.7412 99.58954 99.34725 99.03416 98.56567 97.99596 97.18918 96.25749 94.99885 93.60869 91.806 89.89098 87.49528 85.03628 82.05639 79.09 75.59597 72.212 68.32672 64.65606 60.538 56.73415 52.55556 48.77445 44.70003 41.08216 37.25195 33.90958 30.42824 27.43878 24.37162 21.77683 19.15159 16.96131 14.77399 12.97258 11.19534 9.74931 8.33883 7.20417 6.10917 5.23768 4.40503 3.74898 3.12808 2.64349 2.18893 1.83735 1.51032 1.25952 1.02809 0.85203 0.6908 0.56909 0.45842 0.37548 0.30058 0.24484 0.19484 0.15786 0.1249 0.10068 0.07922 0.06355 0.04973 0.03971 0.03092 0.02457 0.01904 0.01506 0.01161 0.00915 0.00702 0.00551 0.00421 0.00329 0.0025 0.00195 0.00148 0.00115 8.7E-4 6.7E-4 5.0E-4 3.9E-4 2.9E-4 2.2E-4 1.7E-4
100.0 100.0 100.0 99.99998 99.99989 99.99963 99.99886 99.99714 99.99298 99.98524 99.96921 99.94301 99.89462 99.82315 99.70247 99.53817 99.28023 98.95189 98.46676 97.88324 97.06443 96.12626 94.86707 93.48395 91.69833 89.80838 87.45072 85.03608 82.11446 79.20904 75.78853 72.47601 68.67143 65.07444 61.03484 57.29837 53.18719 49.46 45.4353 41.85319 38.05141 34.72482 31.25014 28.25735 25.17725 22.56292 19.9091 17.68716 15.4604 13.6197 11.797 10.30823 8.8505 7.67314 6.53245 5.62085 4.74637 4.05446 3.39691 2.88153 2.39606 2.01893 1.66666 1.39531 1.14385 0.9517 0.77497 0.64096 0.51858 0.42646 0.34291 0.28044 0.22415 0.18235 0.14492 0.11729 0.0927 0.07466 0.0587 0.04705 0.0368 0.02937 0.02285 0.01816 0.01406 0.01113 0.00858 0.00676 0.00519 0.00407 0.00311 0.00243 0.00185 0.00144 0.00109 8.5E-4 6.4E-4 5.0E-4 3.7E-4 2.9E-4
100.0 100.0 100.0 99.99999 99.99994 99.99977 99.99933 99.99814 99.99569 99.99012 99.98025 99.96066 99.92973 99.87428 99.79442 99.6624 99.48595 99.21321 98.8707 98.37041 97.7746 96.94549 96.00232 94.74396 93.36873 91.60058 89.73545 87.41484 85.04301 82.17729 79.33017 75.97988 72.73554 69.00809 65.48165 61.51739 57.84592 53.8001 50.1256 46.14995 42.60365 38.831 35.52138 32.05518 29.06109 25.97057 23.33916 20.65952 18.40843 16.14487 14.26711 12.40117 10.87143 9.36811 8.14927 6.96393 6.01291 5.09708 4.36953 3.67538 3.12906 2.61239 2.20934 1.83132 1.5389 1.2668 1.058 0.86515 0.71828 0.58361 0.48178 0.38904 0.31941 0.2564 0.2094 0.16713 0.1358 0.10779 0.08716 0.06882 0.05538 0.0435 0.03485 0.02724 0.02173 0.0169 0.01342 0.01039 0.00822 0.00634 0.00499 0.00383 0.00301 0.0023 0.0018 0.00137 0.00107 8.1E-4 6.3E-4 4.7E-4
100.0 100.0 100.0 99.99999 99.99996 99.99987 99.99957 99.99889 99.99717 99.99382 99.98662 99.9744 99.95099 99.91515 99.85252 99.76432 99.62125 99.43316 99.14647 98.79085 98.27675 97.67004 96.83218 95.88535 94.62901 93.26241 91.512 89.67139 87.38686 85.05635 82.24432 79.45304 76.16989 72.99076 69.33711 65.8783 61.9865 58.37776 54.39536 50.77234 46.84505 43.33451 39.59156 36.29996 32.84387 29.85031 26.75169 24.10548 21.40263 19.12475 16.82691 14.91425 13.00721 11.43826 9.89099 8.63191 7.403 6.4133 5.45668 4.69377 3.96312 3.38581 2.83771 2.40842 2.00422 1.69027 1.39698 1.17097 0.96141 0.80115 0.6536 0.54157 0.43913 0.36188 0.2917 0.23912 0.19165 0.15631 0.12459 0.10113 0.08018 0.06477 0.05109 0.04109 0.03225 0.02582 0.02017 0.01608 0.0125 0.00993 0.00769 0.00608 0.00468 0.00369 0.00283 0.00222 0.0017 0.00133 0.00101 7.9E-4
100.0 100.0 100.0 100.0 99.99998 99.99992 99.99975 99.99928 99.99827 99.99589 99.9915 99.98247 99.96769 99.94025 99.89935 99.8295 99.73306 99.57927 99.38007 99.08027 98.71251 98.1859 97.56956 96.72436 95.77502 94.52174 93.16436 91.4319 89.61546 87.36608 85.07548 82.31508 79.57734 76.35848 73.24179 69.65886 66.26498 62.44291 58.89479 54.97395 51.40121 47.52156 44.04669 40.3339 37.06123 33.61669 30.62535 27.52074 24.86186 22.13822 19.8358 17.50607 15.56058 13.61456 12.0081 10.41851 9.12046 7.8491 6.82149 5.82469 5.02677 4.2598 3.65148 3.0718 2.61602 2.18525 1.84935 1.53435 1.29065 1.06382 0.88964 0.72866 0.60594 0.49327 0.40797 0.33017 0.27165 0.2186 0.17895 0.14321 0.11666 0.09288 0.0753 0.05964 0.04814 0.03794 0.03049 0.02391 0.01914 0.01494 0.01191 0.00925 0.00735 0.00569 0.0045 0.00346 0.00273 0.00209 0.00164 0.00126
100.0 100.0 100.0 100.0 99.99999 99.99995 99.99984 99.99957 99.99887 99.99745 99.99429 99.98871 99.97765 99.96013 99.92848 99.88243 99.80536 99.70084 99.53668 99.3269 99.01481 98.63586 98.09792 97.47311 96.62182 95.67102 94.4217 93.07405 91.35963 89.56702 87.35185 85.09985 82.38915 79.7028 76.5456 73.48875 69.97368 66.6422 62.88732 59.3978 55.53676 52.01315 48.1804 44.74104 41.05877 37.8058 34.37411 31.38651 28.27788 25.6083 22.86615 20.5413 18.18196 16.20564 14.22267 12.58038 10.95011 9.61434 8.30167 7.23697 6.20064 5.36811 4.56507 3.9258 3.31445 2.83197 2.3743 2.01607 1.6789 1.41705 1.1724 0.98382 0.80887 0.67498 0.55159 0.45781 0.37194 0.30709 0.24808 0.2038 0.16375 0.13387 0.10699 0.08706 0.06923 0.05607 0.04437 0.03578 0.02818 0.02263 0.01774 0.01419 0.01107 0.00882 0.00685 0.00544 0.00421 0.00333 0.00256 0.00202
100.0 100.0 100.0 100.0 99.99999 99.99997 99.99991 99.99973 99.99932 99.99832 99.99641 99.99233 99.98542 99.97216 99.95175 99.91576 99.86449 99.78024 99.66781 99.49367 99.27385 98.95027 98.56101 98.01284 97.38063 96.52439 95.57304 94.32846 92.99095 91.29463 89.52547 87.34362 85.12896 82.46614 79.82919 76.73117 73.73178 70.28189 67.01045 63.32037 59.88755 56.08461 52.609 48.82242 45.41836 41.76688 38.53429 35.11661 32.13414 29.02328 26.34483 23.5863 21.24103 18.85425 16.84901 14.83106 13.15459 11.48524 10.113 8.76018 7.65923 6.58409 5.71739 4.87857 4.20846 3.5654 3.05607 2.57124 2.19036 1.83059 1.55015 1.2872 1.08375 0.89431 0.74878 0.61418 0.51149 0.41711 0.34557 0.28022 0.231 0.1863 0.15283 0.12261 0.10012 0.07991 0.06496 0.0516 0.04175 0.03301 0.0266 0.02093 0.0168 0.01316 0.01052 0.00821 0.00653 0.00508 0.00403 0.00311
100.0 100.0 100.0 100.0 100.0 99.99998 99.99994 99.99984 99.99956 99.99897 99.9976 99.99511 99.98999 99.98162 99.96601 99.94257 99.90214 99.84563 99.75429 99.63416 99.45043 99.22111 98.88679 98.48806 97.93068 97.29204 96.43187 95.4808 94.24163 92.91459 91.23637 89.49027 87.34087 85.16235 82.54571 79.95629 76.91516 73.97098 70.58378 67.37017 63.74264 60.36473 56.61825 53.18956 49.44841 46.07939 42.45889 39.24728 35.84463 32.86854 29.75711 27.07149 24.29859 21.93477 19.52263 17.49031 15.43927 13.73022 12.02337 10.61593 9.22413 8.0878 6.97458 6.07421 5.19995 4.49916 3.82441 3.28813 2.77592 2.37211 1.98936 1.68995 1.40822 1.18945 0.98504 0.82743 0.68114 0.56911 0.46579 0.38717 0.31511 0.26062 0.21097 0.17365 0.13983 0.11456 0.09178 0.07486 0.05968 0.04846 0.03845 0.03109 0.02456 0.01978 0.01555 0.01247 0.00977 0.0078 0.00608 0.00484
100.0 100.0 100.0 100.0 100.0 99.99999 99.99997 99.9999 99.99973 99.99932 99.9985 99.9967 99.99353 99.98727 99.97731 99.95921 99.93264 99.88769 99.82594 99.72762 99.60002 99.40712 99.16881 98.82449 98.41707 97.85144 97.20724 96.34407 95.39399 94.16082 92.84453 91.18437 89.46093 87.34315 85.19964 82.62757 80.08393 77.09754 74.20648 70.87963 67.72176 64.15466 60.82995 57.13841 53.75556 50.05908 46.72484 43.13544 39.94529 36.55861 33.59004 30.47955 27.78835 25.00295 22.62236 20.18683 18.12918 16.04691 14.30684 12.56404 11.12265 9.69304 8.52222 7.37169 6.43817 5.52888 4.79761 4.09125 3.52797 2.9882 2.56121 2.15516 1.83641 1.53547 1.30097 1.08111 0.91099 0.75254 0.63077 0.51807 0.43202 0.35286 0.29279 0.23785 0.19641 0.15873 0.13047 0.10491 0.08584 0.06869 0.05596 0.04456 0.03615 0.02866 0.02315 0.01827 0.01471 0.01156 0.00926 0.00725
100.0 100.0 100.0 100.0 100.0 99.99999 99.99998 99.99994 99.99983 99.99959 99.99901 99.99791 99.99559 99.99168 99.98414 99.97249 99.95178 99.92199 99.87248 99.80553 99.70036 99.56554 99.36387 99.11709 98.76346 98.34809 97.77508 97.12614 96.26081 95.31237 94.0857 92.78037 91.13819 89.437 87.35003 85.24045 82.71144 80.21194 77.27827 74.43837 71.16968 68.06561 64.55693 61.2838 57.64571 54.30769 50.65514 47.35537 43.79713 40.62887 37.25896 34.29895 31.19082 28.49549 25.69935 23.30368 20.84661 18.76533 16.6536 14.88403 13.1068 11.63269 10.16646 8.96204 7.775 6.80889 5.86499 5.10349 4.36565 3.77536 3.20791 2.75755 2.32789 1.98948 1.66894 1.41832 1.18256 0.99952 0.82847 0.69655 0.57405 0.48019 0.39355 0.32758 0.26704 0.22122 0.1794 0.14793 0.11936 0.09798 0.07867 0.0643 0.05139 0.04182 0.03327 0.02697 0.02136 0.01724 0.0136 0.01094
100.0 100.0 100.0 100.0 100.0 100.0 99.99999 99.99996 99.9999 99.99973 99.99938 99.9986 99.99718 99.99427 99.98952 99.98061 99.96716 99.94374 99.91068 99.85658 99.78449 99.67263 99.53084 99.32082 99.06606 98.70378 98.28115 97.70157 97.04864 96.18189 95.23566 94.01593 92.72174 91.09742 89.41808 87.36113 85.28447 82.79709 80.34018 77.45734 74.66676 71.45417 68.40205 64.94992 61.72683 58.14077 54.84657 51.23721 47.97158 44.44453 41.29851 37.94609 34.99559 31.89109 29.19301 26.38777 23.9786 21.50179 19.39847 17.25899 15.46139 13.65124 12.14563 10.64394 9.40684 8.18412 7.186 6.20797 5.41652 4.64737 4.03009 3.43489 2.961 2.50748 2.14912 1.80861 1.5415 1.28943 1.09306 0.90898 0.76652 0.63381 0.53178 0.4373 0.3651 0.29863 0.24814 0.20192 0.16701 0.13522 0.11134 0.08971 0.07355 0.05898 0.04815 0.03844 0.03125 0.02484 0.02012 0.01592
100.0 100.0 100.0 100.0 100.0 100.0 99.99999 99.99998 99.99993 99.99984 99.99959 99.99912 99.99809 99.99629 99.99273 99.98705 99.97668 99.96134 99.93513 99.89874 99.84007 99.7629 99.64453 99.49604 99.27806 99.01581 98.64551 98.21628 97.63087 96.97462 96.10714 95.16362 93.95121 92.66827 91.06168 89.4038 87.37612 85.33139 82.88429 80.46852 77.63474 74.89174 71.73331 68.73142 65.33404 62.15954 58.62415 55.3728 51.80589 48.57406 45.07817 41.95467 38.6204 35.68027 32.58059 29.88102 27.06821 24.64704 22.15216 20.02836 17.86278 16.03859 14.19695 12.66106 11.12508 9.85622 8.59865 7.56913 6.55748 5.7364 4.93614 4.29195 3.66897 3.17142 2.69382 2.31526 1.95444 1.6705 1.40172 1.19167 0.99412 0.84076 0.69743 0.58687 0.48417 0.40543 0.3327 0.27728 0.22637 0.18779 0.15255 0.12599 0.10185 0.08376 0.06739 0.05519 0.0442 0.03605 0.02875 0.02335
100.0 100.0 100.0 100.0 100.0 100.0 100.0 99.99999 99.99996 99.99989 99.99975 99.99941 99.99879 99.99747 99.99524 99.99094 99.98427 99.97235 99.95504 99.92598 99.88624 99.82301 99.74085 99.61616 99.46123 99.2357 98.96642 98.58869 98.15346 97.56293 96.90398 96.03637 95.09602 93.89125 92.61966 91.03065 89.39382 87.39468 85.38095 82.97286 80.59685 77.81046 75.11341 72.00733 69.05402 65.7097 62.58238 59.09636 55.88694 52.36175 49.16335 45.69855 42.59783 39.28227 36.35327 33.2595 30.55962 27.74069 25.30893 22.79759 20.65477 18.46468 16.61527 14.74358 13.17859 11.60949 10.30978 9.01822 7.95793 6.91319 6.06284 5.23171 4.56072 3.90996 3.38867 2.88682 2.48782 2.10641 1.80533 1.51946 1.29535 1.08395 0.91931 0.76498 0.64554 0.53425 0.44865 0.36935 0.30871 0.25284 0.21036 0.17144 0.14201 0.11517 0.09499 0.07668 0.06298 0.05061 0.0414 0.03312
100.0 100.0 100.0 100.0 100.0 100.0 100.0 99.99999 99.99997 99.99994 99.99984 99.99964 99.99918 99.99837 99.99672 99.99401 99.98892 99.98118 99.96762 99.94829 99.91632 99.87321 99.80547 99.71842 99.5876 99.4265 99.19382 98.91794 98.53336 98.0927 97.49768 96.8366 95.96943 95.03264 93.83578 92.57561 91.004 89.38782 87.41652 85.43291 83.06262 80.72508 77.98448 75.33187 72.27639 69.37012 66.07725 62.99581 59.5579 56.38949 52.90531 49.73997 46.30616 43.2284 39.93205 37.01489 33.92803 31.22894 28.40524 25.96422 23.43795 21.27752 19.06443 17.19115 15.2908 13.69787 12.0968 10.76716 9.44246 8.35205 7.27479 6.39554 5.53383 4.83618 4.15768 3.6126 3.08636 2.66673 2.26445 1.94594 1.64264 1.40415 1.17851 1.00224 0.83651 0.70786 0.58762 0.49485 0.40864 0.34251 0.2814 0.23479 0.19195 0.15945 0.12973 0.1073 0.08689 0.07157 0.0577 0.04733
100.0 100.0 100.0 100.0 100.0 100.0 100.0 99.99999 99.99999 99.99996 99.9999 99.99976 99.99949 99.99889 99.99787 99.99584 99.99259 99.98664 99.97777 99.96251 99.94109 99.90619 99.85971 99.78752 99.69569 99.55895 99.39194 99.15248 98.87044 98.47954 98.03397 97.43507 96.77238 95.90613 94.97327 93.78455 92.53583 90.98144 89.38552 87.44138 85.48705 83.1534 80.85311 78.15683 75.54718 72.5407 69.68 66.43706 63.40021 60.00923 56.88094 53.43707 50.3044 46.90145 43.84681 40.5701 37.66542 34.58639 31.8891 29.06189 26.61287 24.07311 21.89642 19.6618 17.76595 15.83828 14.21856 12.58665 11.22801 9.87104 8.75117 7.64196 6.73422 5.84224 5.1181 4.41195 3.84306 3.29232 2.8519 2.4285 2.09231 1.77126 1.51806 1.27782 1.08959 0.9121 0.7739 0.64436 0.5441 0.45066 0.37877 0.31214 0.26116 0.21416 0.17839 0.14559 0.12075 0.09809 0.08102 0.06552
100.0 100.0 100.0 100.0 100.0 100.0 100.0 100.0 99.99999 99.99998 99.99993 99.99985 99.99966 99.9993 99.99854 99.99727 99.99482 99.99099 99.98411 99.97406 99.95703 99.93349 99.89562 99.84579 99.7692 99.67272 99.53026 99.35762 99.11175 98.82396 98.42725 97.97727 97.37502 96.71119 95.84634 94.9177 93.73733 92.50006 90.96271 89.38666 87.46902 85.54317 83.24508 80.98087 78.32749 75.75944 72.8004 69.98389 66.78942 63.79597 60.45076 57.36174 53.95748 50.8571 47.48485 44.45344 41.19676 38.30513 35.23478 32.54023 29.7107 27.25486 24.70298 22.51131 20.25658 18.33941 16.38574 14.74034 13.07872 11.69198 10.30362 9.15496 8.01441 7.0786 6.15669 5.40627 4.67257 4.07988 3.50458 3.04323 2.59852 2.24439 1.9053 1.6371 1.38192 1.18139 0.99178 0.84371 0.70451 0.59647 0.49549 0.41756 0.34512 0.28953 0.23813 0.1989 0.16281 0.13541 0.11033 0.09138
100.0 100.0 100.0 100.0 100.0 100.0 100.0 100.0 99.99999 99.99998 99.99996 99.9999 99.99978 99.99952 99.99906 99.99812 99.99657 99.99365 99.9892 99.98134 99.97004 99.95119 99.92549 99.88464 99.8315 99.75059 99.64958 99.50162 99.3236 99.07169 98.77853 98.37648 97.92255 97.31747 96.65294 95.78988 94.86576 93.69389 92.46808 90.94754 89.39099 87.49923 85.60108 83.33751 81.10828 78.49647 75.96873 73.05568 70.28203 67.13466 64.18345 60.8829 57.83233 54.467 51.39851 48.05678 45.04867 41.81236 38.93429 35.87339 33.18247 30.35173 27.89019 25.32749 23.12207 20.84857 18.91129 16.93289 15.26291 13.57269 12.15875 10.73988 9.56311 8.39184 7.42841 6.47695 5.70047 4.93936 4.32292 3.723 3.24063 2.77441 2.40215 2.04473 1.76125 1.4908 1.27768 1.0756 0.91734 0.76816 0.65203 0.54319 0.45895 0.38042 0.31998 0.26394 0.22104 0.18146 0.15132 0.12365
100.0 100.0 100.0 100.0 100.0 100.0 100.0 100.0 100.0 99.99999 99.99997 99.99994 99.99986 99.9997 99.99936 99.99877 99.99761 99.99576 99.99233 99.98721 99.97831 99.96573 99.94501 99.91713 99.87331 99.81687 99.73174 99.62634 99.47308 99.28994 99.03233 98.73417 98.32723 97.86979 97.26235 96.59752 95.73663 94.81725 93.65403 92.43964 90.93573 89.3983 87.5318 85.66062 83.43058 81.23529 78.66378 76.17512 73.30667 70.57463 67.47304 64.56296 61.30602 58.29309 54.96602 51.92903 48.61763 45.63286 42.4172 39.55317 36.50244 33.81596 30.98505 28.51886 25.94658 23.72858 21.4376 19.48138 17.47949 15.78599 14.06825 12.62803 11.17951 9.97532 8.77397 7.78338 6.80275 6.00046 5.21213 4.572 3.94746 3.44397 2.95611 2.56552 2.18953 1.89052 1.60449 1.37848 1.1636 0.99485 0.83535 0.71084 0.59382 0.503 0.4181 0.35258 0.29165 0.24487 0.2016 0.16855
100.0 100.0 100.0 100.0 100.0 100.0 100.0 100.0 100.0 99.99999 99.99998 99.99996 99.99991 99.9998 99.99959 99.99916 99.99843 99.99703 99.99483 99.99086 99.98502 99.97504 99.96112 99.93851 99.90843 99.86164 99.80195 99.71269 99.60303 99.4447 99.25668 98.99371 98.69091 98.27951 97.81896 97.20959 96.54482 95.68643 94.77202 93.61756 92.41455 90.92704 89.40837 87.56655 85.72163 83.52418 81.36185 78.82944 76.37867 73.55351 70.86189 67.80483 64.93484 61.72047 58.74441 55.45494 52.44904 49.16776 46.20636 43.01159 40.16201 37.12211 34.44083 31.61071 29.14088 26.56018 24.33071 22.02351 20.04948 18.0253 16.30934 14.56514 13.09952 11.62222 10.39131 9.16051 8.14324 7.13386 6.30605 5.49068 4.82695 4.17781 3.65316 3.14352 2.73445 2.33966 2.02487 1.72299 1.4838 1.25581 1.07628 0.90614 0.77296 0.64746 0.54979 0.45824 0.38739 0.32133 0.27047 0.22329
100.0 100.0 100.0 100.0 100.0 100.0 100.0 100.0 100.0 100.0 99.99999 99.99998 99.99994 99.99987 99.99972 99.99946 99.99892 99.99803 99.99636 99.99379 99.98923 99.98263 99.97153 99.95625 99.9317 99.89941 99.84967 99.78679 99.6935 99.57973 99.41652 99.22387 98.95586 98.64876 98.23329 97.77001 97.15912 96.49474 95.63915 94.7299 93.58428 92.39261 90.92129 89.42101 87.60331 85.78398 83.61822 81.48789 78.99344 76.57948 73.79635 71.14401 68.13028 65.29936 62.12659 59.18665 55.93413 52.95893 49.70754 46.76949 43.59582 40.76108 37.7326 35.05722 32.22881 29.75626 27.16827 24.9284 22.60616 20.61541 18.57011 16.83269 15.06309 13.57294 12.06774 10.81079 9.5512 8.50774 7.47004 6.617 5.77483 5.08762 4.41392 3.86808 3.33657 2.90886 2.49508 2.1643 1.84628 1.59366 1.35225 1.16165 0.98057 0.83844 0.70416 0.59937 0.5009 0.42448 0.35304 0.29789
100.0 100.0 100.0 100.0 100.0 100.0 100.0 100.0 100.0 100.0 99.99999 99.99998 99.99996 99.99992 99.99982 99.99963 99.99929 99.99863 99.99756 99.99559 99.99263 99.98744 99.98005 99.96778 99.9511 99.92461 99.89011 99.83745 99.77143 99.67421 99.55646 99.38859 99.19156 98.91881 98.60772 98.18857 97.7229 97.11086 96.44718 95.59467 94.69075 93.55403 92.37364 90.91828 89.43606 87.64192 85.84753 83.71262 81.61339 79.15581 76.77759 74.03531 71.42117 68.44962 65.65681 62.52468 59.62012 56.40394 53.45903 50.23728 47.32257 44.17017 41.3506 38.3341 35.66527 32.83943 30.36505 27.77081 25.52155 23.18543 21.17899 19.1137 17.35582 15.56184 14.04803 12.51578 11.23349 9.94577 8.87664 7.81107 6.9331 6.06438 5.35383 4.65565 4.0886 3.53515 3.08869 2.65574 2.30877 1.97437 1.70806 1.45295 1.25101 1.05867 0.90732 0.76397 0.6518 0.54613 0.46391 0.38684
100.0 100.0 100.0 100.0 100.0 100.0 100.0 100.0 100.0 100.0 100.0 99.99999 99.99998 99.99995 99.99988 99.99976 99.99951 99.9991 99.99829 99.99703 99.99474 99.99134 99.9855 99.97728 99.96381 99.94571 99.91726 99.88055 99.825 99.7559 99.65486 99.53328 99.36095 99.15976 98.88257 98.5678 98.14532 97.67759 97.06475 96.40205 95.55286 94.65441 93.52666 92.35746 90.91785 89.45334 87.68224 85.91217 83.80728 81.7383 79.31656 76.97307 74.2705 71.69353 68.76308 66.00744 62.91505 60.04516 56.86469 53.94967 50.75733 47.8659 44.73491 41.93082 38.9268 36.26512 33.44265 30.96726 28.36778 26.11011 23.76119 21.74009 19.6559 17.87852 16.06116 14.52454 12.96611 11.65917 10.34398 9.24969 8.15671 7.25415 6.35914 5.62541 4.90284 4.31462 3.73917 3.27387 2.82158 2.45824 2.10723 1.82701 1.55791 1.34438 1.1405 0.97966 0.82694 0.70715 0.59401 0.50574
100.0 100.0 100.0 100.0 100.0 100.0 100.0 100.0 100.0 100.0 100.0 99.99999 99.99999 99.99996 99.99993 99.99984 99.99969 99.99938 99.99887 99.99791 99.99642 99.99378 99.98993 99.98339 99.97432 99.95962 99.94008 99.90965 99.87075 99.81234 99.74023 99.63549 99.51022 99.33363 99.1285 98.84717 98.529 98.10352 97.63405 97.02072 96.35926 95.51361 94.62075 93.50199 92.34392 90.91984 89.4727 87.72413 85.97778 83.90214 81.86259 79.4757 77.16599 74.50205 71.96126 69.07086 66.3515 63.29796 60.46207 57.31669 54.43117 51.26797 48.39977 45.2903 42.50195 39.51087 36.85691 34.03855 31.56296 28.95917 26.69401 24.33335 22.29855 20.19652 18.40058 16.56083 15.00224 13.41846 12.08757 10.74559 9.62665 8.50673 7.57993 6.65892 5.9022 5.15536 4.54599 3.94853 3.4643 2.99255 2.61267 2.24485 1.95049 1.66716 1.44178 1.22607 1.05549 0.89313 0.76545 0.64457
100.0 100.0 100.0 100.0 100.0 100.0 100.0 100.0 100.0 100.0 100.0 100.0 99.99999 99.99998 99.99995 99.9999 99.99979 99.99959 99.99921 99.9986 99.99746 99.99574 99.99273 99.98839 99.98113 99.97118 99.95522 99.93422 99.90182 99.86074 99.79952 99.72447 99.61613 99.48731 99.30666 99.09781 98.8126 98.49131 98.06314 97.59221 96.97869 96.31871 95.4768 94.58964 93.47991 92.33287 90.92409 89.49401 87.76748 86.04428 83.99713 81.98623 79.63325 77.3564 74.73006 72.22451 69.37315 66.68922 63.67368 60.87111 57.76025 54.90384 51.76951 48.92445 45.83659 43.06422 40.0865 37.44078 34.62723 32.15217 29.54498 27.27322 24.90182 22.85426 20.73541 18.92182 17.06064 15.48091 13.87261 12.51845 11.15034 10.00729 8.86093 7.91025 6.96354 6.18403 5.41305 4.7826 4.16312 3.65991 3.16859 2.77203 2.38719 2.07849 1.78068 1.54322 1.31542 1.13484 0.96256 0.82675
100.0 100.0 100.0 100.0 100.0 100.0 100.0 100.0 100.0 100.0 100.0 100.0 99.99999 99.99999 99.99997 99.99993 99.99986 99.99972 99.99948 99.99902 99.99829 99.99696 99.99499 99.99157 99.98673 99.97872 99.96786 99.95062 99.92815 99.89378 99.85054 99.78656 99.70864 99.59682 99.46459 99.28007 99.06771 98.77888 98.45473 98.02417 97.55205 96.93862 96.28032 95.44233 94.56097 93.46026 92.32417 90.93047 89.51712 87.81215 86.11156 84.09219 82.10919 79.78922 77.54437 74.95463 72.48342 69.67014 67.02081 64.04246 61.27258 58.19565 55.36794 52.26223 49.4402 46.37402 43.61784 40.65387 38.01687 35.20878 32.73495 30.12522 27.84768 25.46651 23.4071 21.27241 19.44206 17.56039 15.96032 14.32833 12.9516 11.55803 10.3914 9.21909 8.2449 7.27282 6.47073 5.67578 5.02431 4.38284 3.86061 3.34962 2.93625 2.53422 2.211 1.89848 1.64871 1.40857 1.21775 1.03529
100.0 100.0 100.0 100.0 100.0 100.0 100.0 100.0 100.0 100.0 100.0 100.0 100.0 99.99999 99.99998 99.99996 99.99991 99.99982 99.99964 99.99935 99.99879 99.99794 99.9964 99.99415 99.99031 99.98494 99.97615 99.96437 99.94583 99.92189 99.88555 99.84017 99.77349 99.69277 99.57759 99.44209 99.25388 99.03822 98.74602 98.41924 97.98658 97.51351 96.90042 96.24401 95.4101 94.53461 93.44293 92.31768 90.93886 89.54193 87.85806 86.17954 84.18726 82.23145 79.94364 77.72994 75.17587 72.73813 69.96202 67.34649 64.40454 61.6667 58.62315 55.82376 52.74637 49.94729 46.90283 44.16302 41.21314 38.58531 35.7833 33.31135 30.69989 28.41738 26.02737 23.95696 21.8074 19.96115 18.0599 16.44028 14.78542 13.38678 11.96843 10.77875 9.581 8.58368 7.58656 6.76213 5.94338 5.271 4.60757 4.06631 3.53557 3.10529 2.68592 2.348 2.02055 1.75826 1.50553 1.30424
100.0 100.0 100.0 100.0 100.0 100.0 100.0 100.0 100.0 100.0 100.0 100.0 100.0 99.99999 99.99999 99.99997 99.99994 99.99988 99.99976 99.99955 99.99919 99.99854 99.99754 99.99578 99.99324 99.98895 99.98303 99.97344 99.96071 99.94087 99.91544 99.87715 99.82966 99.76033 99.67689 99.55846 99.41983 99.22811 99.00933 98.714 98.38484 97.95033 97.47656 96.86404 96.20969 95.38001 94.51046 93.4278 92.31329 90.94912 89.56831 87.9051 86.24815 84.2823 82.353 80.09651 77.91317 75.39386 72.98877 70.24893 67.66645 64.76013 62.05374 59.043 56.27156 53.22222 50.44596 47.42323 44.69995 41.76448 39.14623 36.35088 33.88143 31.269 28.98229 26.58431 24.50375 22.34023 20.47892 18.55898 16.92059 15.24366 13.82379 12.38132 11.16914 9.94646 8.9264 7.9046 7.05807 6.21572 5.52254 4.83721 4.27691 3.72637 3.27909 2.84223 2.48946 2.14689 1.87188 1.60632
100.0 100.0 100.0 100.0 100.0 100.0 100.0 100.0 100.0 100.0 100.0 100.0 100.0 100.0 99.99999 99.99998 99.99996 99.99992 99.99984 99.9997 99.99943 99.99901 99.99825 99.9971 99.9951 99.99225 99.98749 99.98099 99.97059 99.95689 99.93573 99.90882 99.86859 99.81903 99.7471 99.66103 99.53946 99.39782 99.20278 98.98108 98.68284 98.35151 97.9154 97.44114 96.82941 96.17729 95.35196 94.48842 93.41474 92.31088 90.96114 89.59616 87.95318 86.31731 84.37726 82.47381 80.24786 78.09411 75.6087 73.23546 70.53105 67.98088 65.10945 62.43392 59.45545 56.71157 53.68999 50.93643 47.93545 45.22884 42.30807 39.69978 36.91161 34.44526 31.83259 29.54239 27.1373 25.04738 22.87081 20.99524 19.05748 17.40109 15.70287 14.26244 12.79651 11.56236 10.31527 9.27288 8.22675 7.35838 6.49264 5.7788 5.07165 4.49232 3.92195 3.45759 3.00312 2.63535 2.27747 1.98956
100.0 100.0 100.0 100.0 100.0 100.0 100.0 100.0 100.0 100.0 100.0 100.0 100.0 100.0 99.99999 99.99999 99.99997 99.99995 99.99989 99.99979 99.99962 99.99931 99.99881 99.99792 99.99661 99.99435 99.99117 99.98593 99.97884 99.96759 99.95292 99.93043 99.90205 99.8599 99.8083 99.73383 99.64519 99.52061 99.3761 99.1779 98.95345 98.65253 98.31924 97.88177 97.40721 96.79648 96.14674 95.32588 94.46837 93.40367 92.31034 90.97483 89.62539 88.00222 86.38695 84.47209 82.59386 80.39771 78.27282 75.82047 73.47832 70.80852 68.28995 65.4527 62.80745 59.86073 57.14403 54.14994 51.41894 48.43968 45.74986 42.84404 40.24607 37.4656 35.00288 32.39066 30.09768 27.68628 25.58777 23.39901 21.50998 19.55524 17.88159 16.16285 14.70252 13.2138 11.95823 10.68725 9.62292 8.55285 7.66291 6.77401 6.03964 5.31076 4.71244 4.12222 3.64072 3.16854 2.78563 2.41228
100.0 100.0 100.0 100.0 100.0 100.0 100.0 100.0 100.0 100.0 100.0 100.0 100.0 100.0 100.0 99.99999 99.99998 99.99996 99.99993 99.99986 99.99974 99.99953 99.99916 99.99858 99.99755 99.99606 99.99353 99.99001 99.98427 99.97657 99.96447 99.94881 99.92499 99.89514 99.85109 99.79749 99.72055 99.62942 99.50193 99.35468 99.15349 98.92646 98.62306 98.28802 97.84939 97.37473 96.76518 96.11796 95.30167 94.45024 93.39447 92.31157 90.99007 89.65589 88.05213 86.45702 84.56677 82.71315 80.54606 78.44933 76.02926 73.71746 71.08148 68.59384 65.79008 63.17454 60.25906 57.56917 54.60228 51.89369 48.93614 46.2632 43.37258 40.78525 38.01293 35.55438 32.94325 30.64814 28.23122 26.12487 23.92474 22.02301 20.05212 18.36193 16.62344 15.14386 13.633 12.35654 11.0622 9.97636 8.88272 7.97149 7.05967 6.30493 5.55443 4.93717 4.3271 3.82841 3.33843 2.94028
100.0 100.0 100.0 100.0 100.0 100.0 100.0 100.0 100.0 100.0 100.0 100.0 100.0 100.0 100.0 99.99999 99.99999 99.99998 99.99995 99.99991 99.99983 99.99967 99.99943 99.99899 99.99832 99.99715 99.99547 99.99265 99.98877 99.98251 99.97419 99.96121 99.94456 99.91941 99.8881 99.84218 99.78661 99.70726 99.61373 99.48344 99.33357 99.12955 98.90012 98.59442 98.25781 97.81824 97.34367 96.73546 96.09089 95.27926 94.43393 93.38706 92.31447 91.00678 89.68759 88.10284 86.52745 84.66124 82.83166 80.69294 78.6237 76.23513 73.95299 71.35007 68.89269 66.12175 63.5354 60.65064 57.9872 55.04722 52.3609 49.42502 46.76904 43.89382 41.31744 38.55371 36.0998 33.4904 31.19379 28.77208 26.6586 24.44792 22.53421 20.54797 18.84196 17.08447 15.58627 14.05393 12.75713 11.43994 10.33301 9.21619 8.28397 7.34948 6.57454 5.80255 5.16641 4.5365 4.02061 3.51274
100.0 100.0 100.0 100.0 100.0 100.0 100.0 100.0 100.0 100.0 100.0 100.0 100.0 100.0 100.0 100.0 99.99999 99.99998 99.99997 99.99994 99.99988 99.99978 99.9996 99.99931 99.9988 99.99803 99.9967 99.99482 99.9917 99.98745 99.98065 99.97169 99.95784 99.94019 99.9137 99.88095 99.83318 99.77568 99.69398 99.59813 99.46516 99.31279 99.1061 98.87441 98.56662 98.22861 97.78829 97.31396 96.70727 96.06545 95.25856 94.41937 93.38133 92.31896 91.02486 89.72039 88.15429 86.59819 84.75549 82.94939 80.83838 78.79597 76.43817 74.185 71.61443 69.18667 66.44791 63.89021 61.03568 58.39834 55.48497 52.82077 49.90649 47.26754 44.40792 41.84275 39.08803 36.63923 34.03213 31.73463 29.30884 27.18892 24.96845 23.04349 21.04268 19.32154 17.54578 16.0296 14.47642 13.1598 11.82031 10.6927 9.5531 8.60019 7.6433 6.84835 6.05501 5.40006 4.75035 4.21722
100.0 100.0 100.0 100.0 100.0 100.0 100.0 100.0 100.0 100.0 100.0 100.0 100.0 100.0 100.0 100.0 100.0 99.99999 99.99998 99.99996 99.99992 99.99985 99.99973 99.99951 99.99918 99.99858 99.99771 99.99622 99.99412 99.99069 99.98605 99.97869 99.96909 99.95435 99.93569 99.90788 99.87369 99.8241 99.76473 99.68075 99.58265 99.4471 99.29235 99.08313 98.84934 98.53963 98.20041 97.75951 97.28558 96.68055 96.04159 95.23951 94.40646 93.37722 92.32494 91.04425 89.75424 88.20641 86.66919 84.84948 83.06633 80.98237 78.96618 76.63844 74.4136 71.87466 69.47592 66.76871 64.23915 61.41437 58.80276 55.91573 53.27348 50.38076 47.75888 44.91501 42.36132 39.61598 37.17273 34.56849 32.27066 29.84148 27.71577 25.48626 23.55074 21.53612 19.80054 18.00722 16.47367 14.90029 13.5644 12.20312 11.05527 9.89329 8.92 7.94098 7.12621 6.31168 5.63801 4.96854
100.0 100.0 100.0 100.0 100.0 100.0 100.0 100.0 100.0 100.0 100.0 100.0 100.0 100.0 100.0 100.0 100.0 99.99999 99.99999 99.99997 99.99995 99.9999 99.99981 99.99967 99.99941 99.99902 99.99834 99.99735 99.99569 99.99337 99.98961 99.98457 99.97665 99.96639 99.95074 99.93108 99.90196 99.86635 99.81497 99.75375 99.66756 99.56729 99.42927 99.27226 99.06066 98.82492 98.51346 98.17317 97.73187 97.25849 96.65525 96.01925 95.22204 94.39513 93.37464 92.33233 91.06485 89.78905 88.25914 86.74042 84.94319 83.18246 81.12495 79.13437 76.83602 74.63888 72.13089 69.76057 67.0843 64.58239 61.78689 59.20066 56.33968 53.71922 50.84797 48.24322 45.41525 42.87327 40.13767 37.70036 35.09951 32.80189 30.36997 28.2391 26.00128 24.05588 22.02819 20.27881 18.46864 16.91835 15.32539 13.97075 12.58823 11.42055 10.23661 9.24325 8.24239 7.40801 6.57245 5.88017
100.0 100.0 100.0 100.0 100.0 100.0 100.0 100.0 100.0 100.0 100.0 100.0 100.0 100.0 100.0 100.0 100.0 100.0 99.99999 99.99998 99.99996 99.99993 99.99987 99.99977 99.9996 99.9993 99.99885 99.99808 99.99697 99.99511 99.99257 99.98846 99.98301 99.97451 99.96359 99.94704 99.92637 99.89593 99.85893 99.80579 99.74278 99.65443 99.55207 99.41168 99.25252 99.03869 98.80113 98.48808 98.14687 97.70534 97.23264 96.63133 95.99836 95.20608 94.38531 93.37351 92.34107 91.08659 89.82476 88.31243 86.81181 85.03658 83.29779 81.26613 79.30059 77.03097 74.86092 72.38324 70.04077 67.39485 64.9201 62.15342 59.59223 56.75701 54.15816 51.30832 48.7207 45.90877 43.37871 40.65318 38.22221 35.62524 33.32835 30.89431 28.7589 26.51345 24.55881 22.51876 20.75624 18.92991 17.36347 15.75156 14.3787 12.97545 11.78839 10.58289 9.56979 8.54739 7.69361 6.8372
100.0 100.0 100.0 100.0 100.0 100.0 100.0 100.0 100.0 100.0 100.0 100.0 100.0 100.0 100.0 100.0 100.0 100.0 99.99999 99.99999 99.99998 99.99995 99.99991 99.99984 99.99972 99.99952 99.99918 99.99866 99.99779 99.99655 99.9945 99.99171 99.98725 99.98138 99.97229 99.96069 99.94323 99.92157 99.88983 99.85144 99.79658 99.73182 99.64139 99.53701 99.39436 99.23315 99.01721 98.77797 98.46349 98.12151 97.67989 97.208 96.60872 95.97888 95.19156 94.37694 93.37376 92.35108 91.10941 89.8613 88.36622 86.88335 85.12965 83.41231 81.40593 79.46487 77.22335 75.07982 72.63181 70.31662 67.7005 65.25244 62.51412 59.97763 57.16789 54.59049 51.76195 49.19148 46.39571 43.87777 41.16261 38.73833 36.14572 33.85006 31.41449 29.27511 27.02271 25.05947 23.00775 21.23272 19.3909 17.80891 16.17866 14.7881 13.36465 12.15863 10.932 9.89948 8.85584 7.98288
100.0 100.0 100.0 100.0 100.0 100.0 100.0 100.0 100.0 100.0 100.0 100.0 100.0 100.0 100.0 100.0 100.0 100.0 100.0 99.99999 99.99998 99.99997 99.99994 99.99989 99.99981 99.99966 99.99943 99.99903 99.99845 99.99747 99.99609 99.99383 99.99079 99.98597 99.97967 99.96999 99.9577 99.93934 99.91667 99.88364 99.84389 99.78735 99.72088 99.62843 99.52212 99.37729 99.21415 98.99623 98.75544 98.43968 98.09706 97.6555 97.18453 96.58739 95.96074 95.17843 94.36994 93.37533 92.36228 91.13325 89.89863 88.42046 86.95498 85.22236 83.52601 81.54436 79.62726 77.41323 75.29564 72.87669 70.58826 68.00137 65.57954 62.86915 60.35703 57.57248 55.01636 52.20903 49.65571 46.87619 44.37055 41.66605 39.2488 36.661 34.36703 31.93051 29.78772 27.52902 25.55777 23.49507 21.70814 19.85149 18.25452 16.60654 15.1988 13.75567 12.53112 11.28378 10.23218 9.16761
100.0 100.0 100.0 100.0 100.0 100.0 100.0 100.0 100.0 100.0 100.0 100.0 100.0 100.0 100.0 100.0 100.0 100.0 100.0 99.99999 99.99999 99.99998 99.99996 99.99993 99.99987 99.99977 99.9996 99.99933 99.99888 99.99822 99.99712 99.9956 99.99313 99.98983 99.98463 99.97789 99.9676 99.95463 99.93536 99.91169 99.87739 99.8363 99.77811 99.70999 99.61558 99.5074 99.3605 99.19553 98.97575 98.73354 98.41663 98.0735 97.63212 97.16219 96.5673 95.9439 95.16663 94.36426 93.37814 92.37463 91.15804 89.93668 88.47512 87.02668 85.31471 83.6389 81.68145 79.78778 77.60065 75.50848 73.118 70.85581 68.29761 65.90157 63.21867 60.7306 57.97096 55.43592 52.6497 50.11353 47.35035 44.85716 42.16359 39.75369 37.17112 34.87929 32.44236 30.29671 28.03232 26.05366 23.98062 22.1824 20.31156 18.70018 17.03506 15.61066 14.14836 12.90572 11.63809 10.56775
100.0 100.0 100.0 100.0 100.0 100.0 100.0 100.0 100.0 100.0 100.0 100.0 100.0 100.0 100.0 100.0 100.0 100.0 100.0 100.0 99.99999 99.99999 99.99997 99.99995 99.99991 99.99984 99.99972 99.99952 99.99922 99.9987 99.99797 99.99675 99.99507 99.99238 99.98881 99.98323 99.97604 99.96514 99.95148 99.9313 99.90665 99.87108 99.82868 99.76887 99.69913 99.60284 99.49286 99.34399 99.17728 98.95577 98.71225 98.39432 98.05081 97.60975 97.14095 96.54839 95.9283 95.15609 94.35983 93.38215 92.38805 91.18372 89.9754 88.53014 87.09841 85.40666 83.75098 81.81721 79.94648 77.78569 75.7184 73.35582 71.11936 68.58934 66.21865 63.56283 61.09847 58.36346 55.84934 53.08412 50.56508 47.8183 45.33772 42.65532 40.25307 37.67613 35.38687 32.95004 30.80204 28.53257 26.54707 24.46434 22.65539 20.771 19.14577 17.46411 16.02353 14.5426 13.28229 11.99479
100.0 100.0 100.0 100.0 100.0 100.0 100.0 100.0 100.0 100.0 100.0 100.0 100.0 100.0 100.0 100.0 100.0 100.0 100.0 100.0 100.0 99.99999 99.99998 99.99997 99.99994 99.99989 99.9998 99.99967 99.99944 99.9991 99.99851 99.9977 99.99635 99.99451 99.99159 99.98773 99.98176 99.97412 99.9626 99.94826 99.92716 99.90153 99.86472 99.82103 99.75965 99.68834 99.59022 99.47852 99.32777 99.15941 98.93629 98.69156 98.37275 98.02897 97.58834 97.12077 96.53064 95.9139 95.14678 94.35661 93.38728 92.40249 91.21024 90.01474 88.58549 87.17015 85.49822 83.86223 81.95166 80.10338 77.96839 75.92547 73.59024 71.37903 68.87668 66.53091 63.90176 61.4608 58.75015 56.25677 53.51242 51.01048 48.28018 45.81234 43.14134 40.74702 38.17608 35.88979 33.45357 31.30372 29.02974 27.03795 24.94614 23.12703 21.2297 19.59118 17.89354 16.4373 14.93823 13.66068
100.0 100.0 100.0 100.0 100.0 100.0 100.0 100.0 100.0 100.0 100.0 100.0 100.0 100.0 100.0 100.0 100.0 100.0 100.0 100.0 100.0 99.99999 99.99999 99.99998 99.99996 99.99992 99.99987 99.99976 99.99961 99.99934 99.99896 99.99831 99.9974 99.99591 99.99392 99.99075 99.98661 99.98024 99.97214 99.96 99.94496 99.92296 99.89636 99.85832 99.81336 99.75044 99.67762 99.57773 99.46438 99.31184 99.14193 98.9173 98.67148 98.35191 98.00796 97.56787 97.10162 96.51399 95.90066 95.13864 94.35453 93.3935 92.41789 91.23755 90.05467 88.64113 87.24186 85.58936 83.97267 82.08481 80.25853 78.1488 76.12977 73.82136 71.63492 69.15974 66.83849 64.2356 61.81773 59.13116 56.65833 53.93475 51.44988 48.73609 46.28111 43.62172 41.2356 38.67102 36.38809 33.95295 31.80172 29.5238 27.52624 25.42595 23.59724 21.68758 20.03628 18.32324 16.85183 15.33514
100.0 100.0 100.0 100.0 100.0 100.0 100.0 100.0 100.0 100.0 100.0 100.0 100.0 100.0 100.0 100.0 100.0 100.0 100.0 100.0 100.0 100.0 99.99999 99.99998 99.99997 99.99995 99.99991 99.99984 99.99972 99.99955 99.99924 99.99881 99.99808 99.99708 99.99545 99.99328 99.98987 99.98544 99.97866 99.97009 99.95733 99.9416 99.91869 99.89113 99.85189 99.80569 99.74127 99.66697 99.56538 99.45045 99.2962 99.12483 98.8988 98.65199 98.33177 97.98776 97.54832 97.08347 96.4984 95.88852 95.13162 94.35354 93.40073 92.43421 91.2656 90.09512 88.69702 87.31353 85.68007 84.0823 82.21668 80.41195 78.32697 76.33136 74.04925 71.88712 69.43865 67.14151 64.56448 62.16939 59.50663 57.05418 54.35123 51.8834 49.18616 46.74414 44.09657 41.71888 39.16101 36.88179 34.44819 32.29604 30.01471 28.01191 25.90371 24.06594 22.14452 20.48099 18.7531 17.26701
100.0 100.0 100.0 100.0 100.0 100.0 100.0 100.0 100.0 100.0 100.0 100.0 100.0 100.0 100.0 100.0 100.0 100.0 100.0 100.0 100.0 100.0 99.99999 99.99999 99.99998 99.99996 99.99994 99.99989 99.99981 99.99967 99.99947 99.99913 99.99864 99.99784 99.99673 99.99496 99.99261 99.98894 99.98421 99.97702 99.96799 99.95459 99.93817 99.91437 99.88586 99.84543 99.79802 99.73214 99.6564 99.55318 99.43673 99.28085 99.10812 98.88079 98.63309 98.31233 97.96834 97.52966 97.06629 96.48385 95.87745 95.12567 94.3536 93.40894 92.45139 91.29435 90.13607 88.75314 87.38512 85.77034 84.1911 82.34729 80.56367 78.50296 76.5303 74.27399 72.13573 69.71349 67.44008 64.88853 62.51592 59.8767 57.44444 54.762 52.31115 49.63049 47.20154 44.56595 42.19693 39.64608 37.37094 34.93931 32.78667 30.50245 28.49489 26.37936 24.53304 22.60044 20.92519 19.18301
100.0 100.0 100.0 100.0 100.0 100.0 100.0 100.0 100.0 100.0 100.0 100.0 100.0 100.0 100.0 100.0 100.0 100.0 100.0 100.0 100.0 100.0 100.0 99.99999 99.99999 99.99998 99.99996 99.99992 99.99986 99.99977 99.99962 99.99939 99.999 99.99846 99.99757 99.99637 99.99444 99.99191 99.98798 99.98294 99.97533 99.96582 99.9518 99.93469 99.91 99.88055 99.83896 99.79035 99.72305 99.64593 99.54113 99.42323 99.26581 99.09178 98.86326 98.61476 98.29356 97.94971 97.51186 97.05004 96.4703 95.86741 95.12075 94.35467 93.41808 92.46939 91.32375 90.17748 88.80945 87.45662 85.86016 84.2991 82.47666 80.71373 78.6768 76.72666 74.49566 72.38083 69.98439 67.73431 65.20787 62.85745 60.2415 57.82924 55.16718 52.73326 50.06919 47.65339 45.02996 42.66983 40.1263 37.85556 35.42631 33.27362 30.98699 28.97517 26.85284 24.99849 23.05527 21.36879
100.0 100.0 100.0 100.0 100.0 100.0 100.0 100.0 100.0 100.0 100.0 100.0 100.0 100.0 100.0 100.0 100.0 100.0 100.0 100.0 100.0 100.0 100.0 100.0 99.99999 99.99998 99.99997 99.99995 99.99991 99.99984 99.99974 99.99956 99.9993 99.99887 99.99827 99.99729 99.99597 99.99389 99.99117 99.98697 99.98162 99.97359 99.96361 99.94895 99.93115 99.90559 99.87521 99.83247 99.7827 99.71402 99.63556 99.52924 99.40995 99.25107 99.07583 98.84621 98.597 98.27546 97.93182 97.4949 97.0347 96.4577 95.85835 95.11682 94.35668 93.42809 92.48816 91.35377 90.21931 88.86592 87.52801 85.94952 84.40628 82.6048 80.86216 78.84855 76.92049 74.71434 72.62252 70.25143 68.02432 65.52262 63.19408 60.60114 58.20871 55.5669 53.14985 50.50238 48.09981 45.48868 43.13763 40.60172 38.33569 35.90923 33.75687 31.46833 29.4527 27.32411 25.46221 23.50892
100.0 100.0 100.0 100.0 100.0 100.0 100.0 100.0 100.0 100.0 100.0 100.0 100.0 100.0 100.0 100.0 100.0 100.0 100.0 100.0 100.0 100.0 100.0 100.0 99.99999 99.99999 99.99998 99.99996 99.99993 99.99989 99.99981 99.99969 99.99949 99.9992 99.99872 99.99806 99.99699 99.99556 99.99331 99.99039 99.98592 99.98026 99.9718 99.96133 99.94605 99.92756 99.90113 99.86984 99.82597 99.77507 99.70504 99.62529 99.51751 99.3969 99.23663 99.06027 98.82963 98.5798 98.25801 97.91467 97.47875 97.02023 96.44603 95.85024 95.11383 94.35961 93.43895 92.50767 91.38435 90.26152 88.92253 87.59926 86.03841 84.51266 82.73172 81.00898 79.01824 77.11185 74.93008 72.86088 70.5147 68.3102 65.83288 63.52595 60.95575 58.58296 55.96125 53.56102 50.93016 48.54087 45.94218 43.60042 41.07238 38.81136 36.38806 34.23644 31.94644 29.92745 27.79311 25.92415
100.0 100.0 100.0 100.0 100.0 100.0 100.0 100.0 100.0 100.0 100.0 100.0 100.0 100.0 100.0 100.0 100.0 100.0 100.0 100.0 100.0 100.0 100.0 100.0 100.0 99.99999 99.99999 99.99997 99.99996 99.99992 99.99987 99.99978 99.99964 99.99941 99.99909 99.99856 99.99783 99.99667 99.99512 99.9927 99.98958 99.98483 99.97885 99.96996 99.95901 99.9431 99.92394 99.89664 99.86445 99.81948 99.76747 99.69614 99.61513 99.50595 99.38407 99.2225 99.04508 98.81351 98.56314 98.2412 97.89823 97.4634 97.00662 96.43526 95.84305 95.11176 94.36342 93.4506 92.52787 91.41548 90.30409 88.97924 87.67037 86.12683 84.61823 82.85745 81.15422 79.18593 77.3008 75.14297 73.09599 70.77431 68.59206 66.13876 63.85315 61.30545 58.95211 56.35037 53.96688 51.35262 48.97667 46.39056 44.05825 41.53835 39.28263 36.86285 34.71232 32.42131 30.3994 28.2598
100.0 100.0 100.0 100.0 100.0 100.0 100.0 100.0 100.0 100.0 100.0 100.0 100.0 100.0 100.0 100.0 100.0 100.0 100.0 100.0 100.0 100.0 100.0 100.0 100.0 99.99999 99.99999 99.99998 99.99997 99.99995 99.99991 99.99985 99.99974 99.99959 99.99933 99.99897 99.99839 99.99759 99.99632 99.99466 99.99207 99.98874 99.98371 99.9774 99.96807 99.95665 99.9401 99.92027 99.89212 99.85905 99.813 99.75991 99.68731 99.60509 99.49456 99.37148 99.20867 99.03026 98.79785 98.54703 98.22502 97.88249 97.44881 96.99382 96.42535 95.83674 95.11055 94.36806 93.46302 92.54873 91.4471 90.34698 89.03605 87.74131 86.21476 84.72299 82.98199 81.29791 79.35164 77.48738 75.35307 73.32791 71.03034 68.86999 66.44037 64.17581 61.65034 59.31628 56.73436 54.36755 51.76986 49.40731 46.83389 44.5112 41.99967 39.74951 37.3336 35.18453 32.89294 30.86851
100.0 100.0 100.0 100.0 100.0 100.0 100.0 100.0 100.0 100.0 100.0 100.0 100.0 100.0 100.0 100.0 100.0 100.0 100.0 100.0 100.0 100.0 100.0 100.0 100.0 100.0 99.99999 99.99999 99.99998 99.99996 99.99994 99.99989 99.99982 99.9997 99.99953 99.99924 99.99885 99.9982 99.99733 99.99596 99.99417 99.9914 99.98787 99.98254 99.97591 99.96614 99.95424 99.93706 99.91656 99.88757 99.85363 99.80652 99.75238 99.67856 99.59517 99.48335 99.35912 99.19514 99.01582 98.78265 98.53144 98.20944 97.86742 97.43497 96.98182 96.41627 95.83127 95.11018 94.37349 93.47616 92.57021 91.4792 90.39017 89.09292 87.81206 86.30221 84.82696 83.10537 81.44008 79.51542 77.67165 75.56044 73.55674 71.28287 69.14409 66.73781 64.49402 61.99054 59.67556 57.11333 54.76311 52.18199 49.83287 47.27225 44.95933 42.45639 40.21206 37.80035 35.65307 33.3613
100.0 100.0 100.0 100.0 100.0 100.0 100.0 100.0 100.0 100.0 100.0 100.0 100.0 100.0 100.0 100.0 100.0 100.0 100.0 100.0 100.0 100.0 100.0 100.0 100.0 100.0 100.0 99.99999 99.99998 99.99997 99.99995 99.99992 99.99987 99.99979 99.99966 99.99946 99.99915 99.99871 99.998 99.99706 99.99558 99.99366 99.9907 99.98696 99.98134 99.97438 99.96417 99.95178 99.93399 99.91283 99.883 99.84821 99.80007 99.74491 99.66989 99.58538 99.47231 99.347 99.18192 99.00175 98.7679 98.51637 98.19446 97.85302 97.42186 96.9706 96.40799 95.82662 95.11062 94.37969 93.48998 92.59227 91.51173 90.43363 89.14983 87.88262 86.38916 84.93014 83.22759 81.58075 79.67731 77.85366 75.76514 73.78253 71.53198 69.41444 67.03117 64.80789 62.32614 60.03008 57.48738 55.15368 52.5891 50.25344 47.70571 45.4027 42.90858 40.6703 38.26311 36.11796
100.0 100.0 100.0 100.0 100.0 100.0 100.0 100.0 100.0 100.0 100.0 100.0 100.0 100.0 100.0 100.0 100.0 100.0 100.0 100.0 100.0 100.0 100.0 100.0 100.0 100.0 100.0 99.99999 99.99999 99.99998 99.99997 99.99995 99.99991 99.99985 99.99976 99.99961 99.99939 99.99904 99.99856 99.99779 99.99677 99.99518 99.99312 99.98998 99.98602 99.98011 99.97281 99.96216 99.94929 99.93088 99.90906 99.87842 99.84279 99.79364 99.73748 99.6613 99.57571 99.46146 99.33511 99.169 98.98805 98.75358 98.50181 98.18006 97.83927 97.40945 96.96011 96.40049 95.82275 95.11182 94.38662 93.50446 92.61489 91.54468 90.47732 89.20677 87.95298 86.47562 85.03252 83.34868 81.71995 79.83734 78.03345 75.96724 74.00536 71.77775 69.68113 67.32054 65.11751 62.65725 60.37992 57.85661 55.53935 52.99127 50.6691 48.13435 45.84138 43.35627 41.12429 38.72191
100.0 100.0 100.0 100.0 100.0 100.0 100.0 100.0 100.0 100.0 100.0 100.0 100.0 100.0 100.0 100.0 100.0 100.0 100.0 100.0 100.0 100.0 100.0 100.0 100.0 100.0 100.0 100.0 99.99999 99.99999 99.99998 99.99996 99.99994 99.99989 99.99982 99.99972 99.99955 99.99932 99.99893 99.9984 99.99757 99.99647 99.99476 99.99256 99.98923 99.98504 99.97883 99.97121 99.96012 99.94677 99.92774 99.90527 99.87383 99.83737 99.78724 99.73011 99.65281 99.56618 99.4508 99.32346 99.15638 98.97471 98.73971 98.48775 98.16623 97.82614 97.39772 96.95035 96.39374 95.81964 95.11376 94.39424 93.51956 92.63803 91.578 90.52124 89.26372 88.02311 86.56157 85.13412 83.46865 81.8577 79.99555 78.21108 76.16678 74.22529 72.02027 69.94425 67.60603 65.42299 62.98396 60.72518 58.22113 55.92022 53.3886 51.07994 48.55823 46.27544 43.79952 41.57406
100.0 100.0 100.0 100.0 100.0 100.0 100.0 100.0 100.0 100.0 100.0 100.0 100.0 100.0 100.0 100.0 100.0 100.0 100.0 100.0 100.0 100.0 100.0 100.0 100.0 100.0 100.0 100.0 100.0 99.99999 99.99998 99.99997 99.99996 99.99992 99.99988 99.9998 99.99968 99.99949 99.99923 99.99881 99.99823 99.99733 99.99614 99.99431 99.99198 99.98845 99.98404 99.97753 99.96957 99.95803 99.94421 99.92457 99.90146 99.86923 99.83197 99.78086 99.72279 99.64442 99.55678 99.44031 99.31204 99.14406 98.96173 98.72625 98.47418 98.15296 97.81362 97.38665 96.94129 96.38772 95.81726 95.1164 94.40254 93.53525 92.66167 91.61168 90.56536 89.32065 88.093 86.64701 85.23493 83.58751 81.99402 80.15197 78.38658 76.36382 74.44239 72.25959 70.20387 67.88771 65.7244 63.30638 61.06597 58.58101 56.29637 53.78117 51.48603 48.97745 46.70493 44.23839
100.0 100.0 100.0 100.0 100.0 100.0 100.0 100.0 100.0 100.0 100.0 100.0 100.0 100.0 100.0 100.0 100.0 100.0 100.0 100.0 100.0 100.0 100.0 100.0 100.0 100.0 100.0 100.0 100.0 99.99999 99.99999 99.99998 99.99997 99.99995 99.99991 99.99986 99.99977 99.99964 99.99943 99.99914 99.99868 99.99805 99.99708 99.99581 99.99385 99.99137 99.98764 99.98301 99.97619 99.96789 99.95592 99.94162 99.92138 99.89764 99.86462 99.82657 99.77453 99.71554 99.63613 99.54752 99.43002 99.30087 99.13204 98.9491 98.71322 98.46109 98.14023 97.80169 97.37623 96.93291 96.38239 95.81557 95.11973 94.41146 93.55151 92.68577 91.64569 90.60964 89.37755 88.16266 86.73195 85.33497 83.70527 82.12894 80.30664 78.56 76.55841 74.65672 72.4958 70.46007 68.16566 66.02184 63.62458 61.40237 58.93636 56.66789 54.16907 51.88745 49.39206 47.12993
100.0 100.0 100.0 100.0 100.0 100.0 100.0 100.0 100.0 100.0 100.0 100.0 100.0 100.0 100.0 100.0 100.0 100.0 100.0 100.0 100.0 100.0 100.0 100.0 100.0 100.0 100.0 100.0 100.0 100.0 99.99999 99.99999 99.99998 99.99996 99.99994 99.9999 99.99984 99.99974 99.99959 99.99936 99.99904 99.99854 99.99786 99.99681 99.99545 99.99337 99.99074 99.98681 99.98195 99.97483 99.96619 99.95378 99.939 99.91816 99.8938 99.86001 99.82119 99.76824 99.70836 99.62794 99.53841 99.41992 99.28993 99.12031 98.93683 98.7006 98.44847 98.12802 97.79035 97.36643 96.92518 96.37773 95.81456 95.12371 94.421 93.5683 92.71032 91.68001 90.65409 89.43441 88.23206 86.81638 85.43424 83.82196 82.26249 80.45959 78.73138 76.75062 74.86834 72.72895 70.71293 68.43997 66.31539 63.93867 61.73448 59.28726 57.03488 54.55238 52.28429 49.80213
100.0 100.0 100.0 100.0 100.0 100.0 100.0 100.0 100.0 100.0 100.0 100.0 100.0 100.0 100.0 100.0 100.0 100.0 100.0 100.0 100.0 100.0 100.0 100.0 100.0 100.0 100.0 100.0 100.0 100.0 99.99999 99.99999 99.99998 99.99997 99.99996 99.99993 99.99988 99.99981 99.9997 99.99954 99.99929 99.99894 99.99839 99.99766 99.99653 99.99508 99.99287 99.99009 99.98596 99.98086 99.97343 99.96445 99.9516 99.93636 99.91493 99.88995 99.85541 99.81584 99.76199 99.70125 99.61985 99.52943 99.41 99.27923 99.10888 98.9249 98.68839 98.43631 98.11634 97.77957 97.35724 96.91808 96.37372 95.81419 95.12831 94.43112 93.5856 92.73528 91.71461 90.69866 89.49121 88.3012 86.90029 85.53274 83.93757 82.39467 80.61085 78.90075 76.94048 75.0773 72.95913 70.96252 68.71072 66.60514 64.24872 62.06237 59.63381 57.39741 54.93119 52.67662
100.0 100.0 100.0 100.0 100.0 100.0 100.0 100.0 100.0 100.0 100.0 100.0 100.0 100.0 100.0 100.0 100.0 100.0 100.0 100.0 100.0 100.0 100.0 100.0 100.0 100.0 100.0 100.0 100.0 100.0 100.0 99.99999 99.99999 99.99998 99.99997 99.99995 99.99992 99.99986 99.99979 99.99966 99.99949 99.99921 99.99883 99.99823 99.99745 99.99624 99.99469 99.99235 99.98942 99.98508 99.97975 99.97201 99.96269 99.9494 99.93369 99.91167 99.88609 99.85082 99.8105 99.75578 99.69421 99.61188 99.5206 99.40028 99.26876 99.09773 98.91331 98.67658 98.4246 98.10516 97.76933 97.34864 96.9116 96.37034 95.81445 95.13351 94.44179 93.60338 92.76063 91.74947 90.74336 89.54794 88.37007 86.98369 85.63048 84.05214 82.52552 80.76045 79.06817 77.12804 75.28366 73.18638 71.2089 68.97798 66.89116 64.55482 62.38615 59.97608 57.75558 55.30556
100.0 100.0 100.0 100.0 100.0 100.0 100.0 100.0 100.0 100.0 100.0 100.0 100.0 100.0 100.0 100.0 100.0 100.0 100.0 100.0 100.0 100.0 100.0 100.0 100.0 100.0 100.0 100.0 100.0 100.0 100.0 100.0 99.99999 99.99999 99.99998 99.99996 99.99994 99.9999 99.99984 99.99976 99.99962 99.99943 99.99912 99.99871 99.99806 99.99722 99.99593 99.99429 99.99181 99.98873 99.98417 99.97861 99.97056 99.9609 99.94718 99.93101 99.90841 99.88223 99.84623 99.8052 99.74963 99.68725 99.60401 99.51192 99.39074 99.25853 99.08687 98.90206 98.66516 98.41334 98.09447 97.75963 97.3406 96.90571 96.36757 95.81531 95.13929 94.453 93.62162 92.78635 91.78457 90.78815 89.60458 88.43866 87.06657 85.72747 84.16566 82.65506 80.90842 79.23366 77.31336 75.48748 73.41077 71.45215 69.24183 67.17354 64.85705 62.70587 60.31416 58.10945
100.0 100.0 100.0 100.0 100.0 100.0 100.0 100.0 100.0 100.0 100.0 100.0 100.0 100.0 100.0 100.0 100.0 100.0 100.0 100.0 100.0 100.0 100.0 100.0 100.0 100.0 100.0 100.0 100.0 100.0 100.0 100.0 99.99999 99.99999 99.99998 99.99997 99.99996 99.99993 99.99989 99.99982 99.99973 99.99957 99.99936 99.99903 99.99858 99.99789 99.99699 99.99561 99.99387 99.99125 99.98801 99.98325 99.97745 99.96908 99.95909 99.94493 99.92831 99.90513 99.87837 99.84166 99.79992 99.74353 99.68037 99.59626 99.50339 99.3814 99.24853 99.0763 98.89114 98.65412 98.4025 98.08426 97.75045 97.33312 96.9004 96.36538 95.81674 95.14562 94.46471 93.64029 92.81241 91.8199 90.83303 89.66113 88.50696 87.14893 85.8237 84.27816 82.7833 81.05479 79.39727 77.49647 75.68881 73.63236 71.69234 69.50234 67.45235 65.15549 63.02164 60.64812
100.0 100.0 100.0 100.0 100.0 100.0 100.0 100.0 100.0 100.0 100.0 100.0 100.0 100.0 100.0 100.0 100.0 100.0 100.0 100.0 100.0 100.0 100.0 100.0 100.0 100.0 100.0 100.0 100.0 100.0 100.0 100.0 100.0 99.99999 99.99999 99.99998 99.99997 99.99995 99.99992 99.99987 99.9998 99.99969 99.99953 99.9993 99.99893 99.99845 99.9977 99.99674 99.99528 99.99343 99.99068 99.98728 99.9823 99.97626 99.96759 99.95726 99.94267 99.92559 99.90185 99.87451 99.83711 99.79468 99.73749 99.67357 99.58862 99.495 99.37224 99.23877 99.066 98.88055 98.64346 98.39209 98.07452 97.74178 97.32618 96.89564 96.36375 95.81874 95.15247 94.47691 93.65938 92.8388 91.85543 90.87797 89.71757 88.57498 87.23078 85.91919 84.38965 82.91027 81.19959 79.55902 77.67742 75.88769 73.85121 71.92952 69.75957 67.72766 65.45021 63.33352
100.0 100.0 100.0 100.0 100.0 100.0 100.0 100.0 100.0 100.0 100.0 100.0 100.0 100.0 100.0 100.0 100.0 100.0 100.0 100.0 100.0 100.0 100.0 100.0 100.0 100.0 100.0 100.0 100.0 100.0 100.0 100.0 100.0 100.0 99.99999 99.99999 99.99998 99.99996 99.99994 99.99991 99.99986 99.99977 99.99966 99.99947 99.99922 99.99883 99.99831 99.99751 99.99648 99.99493 99.99298 99.99008 99.98652 99.98133 99.97505 99.96606 99.9554 99.94038 99.92285 99.89856 99.87065 99.83257 99.78947 99.73151 99.66686 99.5811 99.48676 99.36328 99.22923 99.05599 98.87028 98.63318 98.38209 98.06524 97.73359 97.31976 96.89142 96.36267 95.82126 95.15984 94.48957 93.67886 92.8655 91.89114 90.92297 89.77389 88.64269 87.31211 86.01394 84.50013 83.03598 81.34285 79.71896 77.85625 76.08419 74.06737 72.16376 70.01359 67.99954 65.74129
100.0 100.0 100.0 100.0 100.0 100.0 100.0 100.0 100.0 100.0 100.0 100.0 100.0 100.0 100.0 100.0 100.0 100.0 100.0 100.0 100.0 100.0 100.0 100.0 100.0 100.0 100.0 100.0 100.0 100.0 100.0 100.0 100.0 100.0 99.99999 99.99999 99.99998 99.99998 99.99996 99.99994 99.9999 99.99984 99.99975 99.99962 99.99942 99.99914 99.99872 99.99816 99.99731 99.99621 99.99457 99.99251 99.98947 99.98575 99.98033 99.97382 99.96452 99.95352 99.93808 99.92011 99.89527 99.86681 99.82806 99.78431 99.72559 99.66023 99.57369 99.47868 99.35451 99.21993 99.04624 98.86033 98.62325 98.3725 98.0564 97.72589 97.31384 96.88772 96.36212 95.82431 95.16769 94.50267 93.69872 92.89248 91.92702 90.96801 89.83009 88.7101 87.39292 86.10795 84.60962 83.16046 81.48458 79.87711 78.033 76.27833 74.2809 72.39511 70.26447 68.26806
100.0 100.0 100.0 100.0 100.0 100.0 100.0 100.0 100.0 100.0 100.0 100.0 100.0 100.0 100.0 100.0 100.0 100.0 100.0 100.0 100.0 100.0 100.0 100.0 100.0 100.0 100.0 100.0 100.0 100.0 100.0 100.0 100.0 100.0 100.0 99.99999 99.99999 99.99998 99.99997 99.99995 99.99993 99.99988 99.99982 99.99972 99.99958 99.99936 99.99906 99.9986 99.998 99.99709 99.99593 99.99419 99.99203 99.98884 99.98495 99.97932 99.97257 99.96296 99.95163 99.93577 99.91735 99.89198 99.86297 99.82357 99.77918 99.71973 99.65369 99.56641 99.47074 99.34593 99.21085 99.03677 98.85068 98.61368 98.3633 98.048 97.71865 97.30842 96.88453 96.36207 95.82785 95.17601 94.5162 93.71892 92.91973 91.96306 91.01307 89.88614 88.77721 87.47321 86.20124 84.71814 83.28372 81.62483 80.03351 78.20771 76.47018 74.49185 72.62364 70.51227
100.0 100.0 100.0 100.0 100.0 100.0 100.0 100.0 100.0 100.0 100.0 100.0 100.0 100.0 100.0 100.0 100.0 100.0 100.0 100.0 100.0 100.0 100.0 100.0 100.0 100.0 100.0 100.0 100.0 100.0 100.0 100.0 100.0 100.0 100.0 100.0 99.99999 99.99999 99.99998 99.99997 99.99995 99.99992 99.99987 99.9998 99.99968 99.99953 99.99929 99.99897 99.99848 99.99784 99.99687 99.99564 99.99381 99.99153 99.9882 99.98414 99.97829 99.9713 99.96138 99.94972 99.93344 99.91459 99.88868 99.85914 99.8191 99.7741 99.71394 99.64724 99.55924 99.46296 99.33753 99.20199 99.02757 98.84135 98.60447 98.35448 98.04002 97.71186 97.30347 96.88183 96.36251 95.83186 95.18477 94.53013 93.73947 92.94724 91.99924 91.05814 89.94205 88.844 87.55298 86.2938 84.8257 83.40578 81.7636 80.18819 78.38043 76.65977 74.70027 72.84939
100.0 100.0 100.0 100.0 100.0 100.0 100.0 100.0 100.0 100.0 100.0 100.0 100.0 100.0 100.0 100.0 100.0 100.0 100.0 100.0 100.0 100.0 100.0 100.0 100.0 100.0 100.0 100.0 100.0 100.0 100.0 100.0 100.0 100.0 100.0 100.0 99.99999 99.99999 99.99999 99.99998 99.99996 99.99994 99.9999 99.99985 99.99977 99.99965 99.99948 99.99922 99.99888 99.99835 99.99767 99.99664 99.99534 99.99341 99.99102 99.98754 99.98331 99.97724 99.97001 99.95978 99.94779 99.9311 99.91183 99.8854 99.85533 99.81467 99.76906 99.70821 99.64088 99.5522 99.45532 99.32932 99.19336 99.01863 98.83231 98.59559 98.34605 98.03246 97.70551 97.29898 96.87959 96.36342 95.83634 95.19397 94.54444 93.76032 92.97497 92.03553 91.10322 89.99781 88.91047 87.63224 86.38565 84.9323 83.52665 81.90093 80.34119 78.55118 76.84715 74.90621
100.0 100.0 100.0 100.0 100.0 100.0 100.0 100.0 100.0 100.0 100.0 100.0 100.0 100.0 100.0 100.0 100.0 100.0 100.0 100.0 100.0 100.0 100.0 100.0 100.0 100.0 100.0 100.0 100.0 100.0 100.0 100.0 100.0 100.0 100.0 100.0 100.0 99.99999 99.99999 99.99998 99.99997 99.99996 99.99993 99.99989 99.99983 99.99975 99.99961 99.99943 99.99915 99.99878 99.99821 99.99749 99.99639 99.99502 99.99299 99.9905 99.98686 99.98247 99.97618 99.9687 99.95817 99.94585 99.92875 99.90906 99.88211 99.85153 99.81026 99.76407 99.70256 99.63461 99.54528 99.44784 99.3213 99.18495 99.00995 98.82358 98.58705 98.33798 98.0253 97.69959 97.29494 96.87782 96.36479 95.84126 95.20357 94.55912 93.78148 93.00293 92.07194 91.14828 90.0534 88.97662 87.71097 86.47679 85.03795 83.64637 82.03684 80.49252 78.72 77.03236
100.0 100.0 100.0 100.0 100.0 100.0 100.0 100.0 100.0 100.0 100.0 100.0 100.0 100.0 100.0 100.0 100.0 100.0 100.0 100.0 100.0 100.0 100.0 100.0 100.0 100.0 100.0 100.0 100.0 100.0 100.0 100.0 100.0 100.0 100.0 100.0 100.0 100.0 99.99999 99.99999 99.99998 99.99997 99.99995 99.99992 99.99988 99.99981 99.99972 99.99957 99.99938 99.99907 99.99868 99.99807 99.9973 99.99614 99.9947 99.99257 99.98996 99.98617 99.98161 99.97509 99.96738 99.95654 99.9439 99.92639 99.90629 99.87884 99.84775 99.80589 99.75913 99.69697 99.62843 99.53847 99.44051 99.31346 99.17676 99.00152 98.81513 98.57884 98.33028 98.01853 97.69409 97.29133 96.87649 96.3666 95.8466 95.21357 94.57415 93.80292 93.03109 92.10845 91.19333 90.10882 89.04244 87.7892 86.56722 85.14268 83.76493 82.17136 80.64222 78.88693
100.0 100.0 100.0 100.0 100.0 100.0 100.0 100.0 100.0 100.0 100.0 100.0 100.0 100.0 100.0 100.0 100.0 100.0 100.0 100.0 100.0 100.0 100.0 100.0 100.0 100.0 100.0 100.0 100.0 100.0 100.0 100.0 100.0 100.0 100.0 100.0 100.0 100.0 99.99999 99.99999 99.99999 99.99998 99.99996 99.99994 99.99991 99.99986 99.99979 99.99969 99.99953 99.99932 99.99899 99.99857 99.99792 99.99711 99.99588 99.99436 99.99213 99.9894 99.98546 99.98073 99.97399 99.96604 99.9549 99.94193 99.92403 99.90352 99.87557 99.84399 99.80156 99.75424 99.69146 99.62235 99.53179 99.43333 99.30581 99.16878 98.99335 98.80697 98.57095 98.32293 98.01214 97.68899 97.28815 96.87558 96.36884 95.85236 95.22395 94.58952 93.82463 93.05944 92.14504 91.23835 90.16406 89.10794 87.86691 86.65695 85.24649 83.88237 82.3045 80.79032
100.0 100.0 100.0 100.0 100.0 100.0 100.0 100.0 100.0 100.0 100.0 100.0 100.0 100.0 100.0 100.0 100.0 100.0 100.0 100.0 100.0 100.0 100.0 100.0 100.0 100.0 100.0 100.0 100.0 100.0 100.0 100.0 100.0 100.0 100.0 100.0 100.0 100.0 100.0 99.99999 99.99999 99.99998 99.99997 99.99996 99.99994 99.9999 99.99985 99.99977 99.99966 99.99948 99.99926 99.9989 99.99845 99.99777 99.9969 99.99561 99.99402 99.99168 99.98884 99.98474 99.97984 99.97288 99.96469 99.95324 99.93996 99.92166 99.90075 99.87232 99.84026 99.79726 99.7494 99.68602 99.61637 99.52524 99.42629 99.29834 99.16102 98.98543 98.79909 98.56337 98.31592 98.00612 97.68428 97.28538 96.87509 96.37148 95.8585 95.23469 94.6052 93.84659 93.08797 92.1817 91.28332 90.21912 89.1731 87.94411 86.74599 85.3494 83.99869 82.43629
